0.0 2.9779412
0.05 2.92343825
0.1 3.03435844
0.15 3.2791235
0.2 3.53879465
0.25 3.77290356
0.3 3.96053648
0.35 4.0964631
0.4 4.18508122
0.45 4.23409175
0.5 4.2497003300000005
0.53725291934869 4.18463184
0.57450583869738 4.02255854
0.61175875804607 4.04811463
0.6490116773947601 4.19114148
0.6862645967434501 4.35864146
0.7235175160921401 4.525764870000001
0.7607704354408301 4.673920600000001
0.7980233547895201 4.788132620000001
0.8352762741382102 4.85868251
0.8725291934869002 4.88242663
0.9196225051139242 4.80502825
0.9667158167409482 4.64366178
1.0138091283679722 4.49289318
1.0609024399949962 4.34707586
1.1079957516220202 4.1265686200000005
1.1550890632490443 3.81665292
1.2021823748760683 3.45043757
1.2492756865030923 3.10656156
1.2963689981301163 2.90737642
1.3434623097571403 2.9779412
