0.0 3.23539811
0.05 3.1836601900000003
0.1 2.95909747
0.15 2.7115537400000003
0.2 2.56170672
0.25 2.5724291000000004
0.3 2.70597507
0.35 2.82546389
0.4 2.91414858
0.45 3.0082492100000002
0.5 3.0505763200000002
0.53725291934869 3.032057
0.57450583869738 3.0068361
0.61175875804607 2.97380439
0.6490116773947601 2.9182591500000004
0.6862645967434501 2.8347921400000002
0.7235175160921401 2.73908423
0.7607704354408301 2.64233363
0.7980233547895201 2.5424814500000004
0.8352762741382102 2.4497500700000003
0.8725291934869002 2.4092055400000003
0.9196225051139242 2.53836982
0.9667158167409482 2.7253783
1.0138091283679722 2.66306637
1.0609024399949962 2.41167351
1.1079957516220202 2.30481662
1.1550890632490443 2.40386903
1.2021823748760683 2.59463198
1.2492756865030923 2.8637915
1.2963689981301163 3.15145608
1.3434623097571403 3.23539811
