0.0 -2.62472256
0.05 -2.68775759
0.1 -2.92882739
0.15 -3.27029474
0.2 -3.62472664
0.25 -3.8864425400000004
0.3 -4.115674739999999
0.35 -4.469672549999999
0.4 -4.75474545
0.45 -4.93984374
0.5 -5.00415661
0.53725291934869 -5.01393022
0.57450583869738 -5.04507923
0.61175875804607 -5.0974559699999995
0.6490116773947601 -5.16900593
0.6862645967434501 -5.25453046
0.7235175160921401 -5.34433312
0.7607704354408301 -5.22194224
0.7980233547895201 -5.03338565
0.8352762741382102 -4.859934259999999
0.8725291934869002 -4.77359795
0.9196225051139242 -5.004418869999999
0.9667158167409482 -5.22884471
1.0138091283679722 -4.84270688
1.0609024399949962 -4.3206583599999995
1.1079957516220202 -3.89324075
1.1550890632490443 -3.7781175700000005
1.2021823748760683 -3.4258184000000003
1.2492756865030923 -3.02122784
1.2963689981301163 -2.7121053600000002
1.3434623097571403 -2.62472256
