0.0 -1.67268825
0.05 -1.7190541300000002
0.1 -1.73374893
0.15 -1.77926885
0.2 -1.96554946
0.25 -2.0362997899999997
0.3 -1.84110831
0.35 -1.68393202
0.4 -1.58061362
0.45 -1.5302493700000002
0.5 -1.5164585400000001
0.53725291934869 -1.68299822
0.57450583869738 -1.96642544
0.61175875804607 -2.30356168
0.6490116773947601 -2.63975393
0.6862645967434501 -2.66943616
0.7235175160921401 -2.7090806
0.7607704354408301 -2.7693995399999998
0.7980233547895201 -2.83943557
0.8352762741382102 -2.89924614
0.8725291934869002 -2.9249474699999998
0.9196225051139242 -2.81579684
0.9667158167409482 -2.57714462
1.0138091283679722 -2.29955924
1.0609024399949962 -2.04278965
1.1079957516220202 -1.85976557
1.1550890632490443 -1.75081013
1.2021823748760683 -1.69184518
1.2492756865030923 -1.70124287
1.2963689981301163 -1.72681623
1.3434623097571403 -1.67268825
