0.0 3.3134557900000003
0.05 3.2477028900000002
0.1 3.1511969800000004
0.15 3.03459535
0.2 2.91849478
0.25 2.84185167
0.3 2.8236910600000003
0.35 2.9340446200000003
0.4 3.1469492900000002
0.45 3.34658385
0.5 3.43597121
0.53725291934869 3.42388255
0.57450583869738 3.4365094700000003
0.61175875804607 3.4657346700000002
0.6490116773947601 3.52283302
0.6862645967434501 3.61229085
0.7235175160921401 3.71407313
0.7607704354408301 3.74127416
0.7980233547895201 3.6486522000000003
0.8352762741382102 3.5967291400000003
0.8725291934869002 3.58026241
0.9196225051139242 3.62633451
0.9667158167409482 3.6294872600000003
1.0138091283679722 3.4095637500000002
1.0609024399949962 3.24318635
1.1079957516220202 3.05893062
1.1550890632490443 2.94416789
1.2021823748760683 2.9724266200000002
1.2492756865030923 3.09996406
1.2963689981301163 3.2313218000000004
1.3434623097571403 3.3134557900000003
