0.0 2.8450596700000004
0.05 2.77945038
0.1 2.62695921
0.15 2.3239272
0.2 2.1299845399999997
0.25 2.0921752
0.3 2.1848400999999997
0.35 2.28405772
0.4 2.3145366000000003
0.45 2.36219614
0.5 2.38449184
0.53725291934869 2.38719811
0.57450583869738 2.3891222599999997
0.61175875804607 2.37583685
0.6490116773947601 2.33506079
0.6862645967434501 2.26382202
0.7235175160921401 2.16738171
0.7607704354408301 2.05675029
0.7980233547895201 1.94858705
0.8352762741382102 1.86562898
0.8725291934869002 1.83304263
0.9196225051139242 1.9578935800000001
0.9667158167409482 2.16438906
1.0138091283679722 2.14722043
1.0609024399949962 1.93124599
1.1079957516220202 1.84654739
1.1550890632490443 1.96371443
1.2021823748760683 2.20131032
1.2492756865030923 2.53317964
1.2963689981301163 2.75869859
1.3434623097571403 2.8450596700000004
