0.0 -0.23083584000000001
0.05 -0.24348159999999996
0.1 -0.29313983
0.15 -0.41172567000000004
0.2 -0.62061985
0.25 -0.8761798
0.3 -1.06565787
0.35 -1.084218
0.4 -0.95332205
0.45 -0.80228807
0.5 -0.7347747
0.53725291934869 -0.70554775
0.57450583869738 -0.60944331
0.61175875804607 -0.53865743
0.6490116773947601 -0.4839595
0.6862645967434501 -0.43172325999999994
0.7235175160921401 -0.37227714999999995
0.7607704354408301 -0.30279384
0.7980233547895201 -0.22939096999999997
0.8352762741382102 -0.16811806
0.8725291934869002 -0.14165693000000001
0.9196225051139242 -0.25346157
0.9667158167409482 -0.50156667
1.0138091283679722 -0.73241929
1.0609024399949962 -0.87699169
1.1079957516220202 -0.9192868200000001
1.1550890632490443 -0.7549423700000001
1.2021823748760683 -0.49442701
1.2492756865030923 -0.32064658
1.2963689981301163 -0.24814327000000003
1.3434623097571403 -0.23083584000000001
