0.0 2.70383532
0.04709331162702407 2.64493841
0.09418662325404814 2.85773497
0.1412799348810722 3.20948132
0.18837324650809628 3.57570795
0.23546655813512035 3.8792887
0.2825598697621444 4.08629246
0.3296531813891685 4.23899876
0.37674649301619256 4.40947395
0.42383980464321663 4.58320881
0.4709331162702407 4.66409053
0.5081860356189307 4.63994534
0.5454389549676207 4.56729522
0.5826918743163108 4.44954505
0.6199447936650008 4.2965577
0.6571977130136908 4.12325259
0.6944506323623808 3.94762877
0.7317035517110708 3.79023283
0.7689564710597608 3.7722652
0.8062093904084509 3.92388395
0.8434623097571409 3.983023
0.8934623097571408 3.96764074
0.9434623097571408 3.91907958
0.9934623097571409 3.83091112
1.043462309757141 3.69533118
1.093462309757141 3.50786929
1.143462309757141 3.27362086
1.193462309757141 3.01306384
1.2434623097571411 2.76465563
1.2934623097571412 2.65987756
1.3434623097571412 2.70383532
