0.0 -1.4287873100000001
0.05 -1.33943184
0.1 -1.1948217300000001
0.15 -1.16793865
0.2 -1.27702115
0.25 -1.46348015
0.3 -1.46587142
0.35 -1.25289268
0.4 -1.0894004800000001
0.45 -0.9789261100000001
0.5 -0.9427647199999999
0.53725291934869 -1.0374024
0.57450583869738 -1.3078930899999999
0.61175875804607 -1.6362245299999998
0.6490116773947601 -1.9719054700000003
0.6862645967434501 -2.0371593900000002
0.7235175160921401 -2.07953478
0.7607704354408301 -2.1379563
0.7980233547895201 -2.20450268
0.8352762741382102 -2.26266597
0.8725291934869002 -2.2883691500000003
0.9196225051139242 -2.17532982
0.9667158167409482 -1.91402516
1.0138091283679722 -1.6133816900000002
1.0609024399949962 -1.3413929800000002
1.1079957516220202 -1.13930592
1.1550890632490443 -1.0287581499999998
1.2021823748760683 -1.0198707800000002
1.2492756865030923 -1.11680548
1.2963689981301163 -1.3050642799999999
1.3434623097571403 -1.4287873100000001
