0.0 -1.9273934899999998
0.05 -2.11195206
0.1 -2.3540408499999996
0.15 -2.1657928799999997
0.2 -2.1515337700000003
0.25 -2.4184110700000003
0.3 -2.65800403
0.35 -2.8558639599999998
0.4 -3.00272876
0.45 -3.0928999900000003
0.5 -3.1232840700000004
0.53725291934869 -3.1326997600000004
0.57450583869738 -3.15591829
0.61175875804607 -3.1809600199999997
0.6490116773947601 -3.19518478
0.6862645967434501 -3.19007841
0.7235175160921401 -3.1629910600000004
0.7607704354408301 -3.11696698
0.7980233547895201 -3.35365455
0.8352762741382102 -3.4940367199999995
0.8725291934869002 -3.52604851
0.9196225051139242 -3.4570997500000002
0.9667158167409482 -3.25419974
1.0138091283679722 -3.3808451
1.0609024399949962 -3.39424774
1.1079957516220202 -3.22591917
1.1550890632490443 -2.7746099500000003
1.2021823748760683 -2.2176339499999997
1.2492756865030923 -2.30603801
1.2963689981301163 -2.15915462
1.3434623097571403 -1.9273934899999998
