0.0 -2.62472256
0.05 -2.68792814
0.1 -2.93063361
0.15 -3.27290577
0.2 -3.62768185
0.25 -3.88943384
0.3 -4.11680974
0.35 -4.47001021
0.4 -4.7548533399999995
0.45 -4.93999888
0.5 -5.00415661
0.53725291934869 -5.015475619999999
0.57450583869738 -5.04783621
0.61175875804607 -5.10084775
0.6490116773947601 -5.17237674
0.6862645967434501 -5.257332079999999
0.7235175160921401 -5.3471644199999995
0.7607704354408301 -5.25373732
0.7980233547895201 -5.065440049999999
0.8352762741382102 -4.8884370299999995
0.8725291934869002 -4.797796829999999
0.9196225051139242 -5.03166146
0.9667158167409482 -5.2405196499999995
1.0138091283679722 -4.8485143
1.0609024399949962 -4.333772799999999
1.1079957516220202 -3.9072431499999998
1.1550890632490443 -3.78377714
1.2021823748760683 -3.4357239
1.2492756865030923 -3.03217207
1.2963689981301163 -2.7183907300000003
1.3434623097571403 -2.62472256
