0.0 -2.51418636
0.05 -2.4733783000000003
0.1 -2.45680764
0.15 -2.8415152
0.2 -3.2423968499999996
0.25 -3.64832906
0.3 -3.9065094399999998
0.35 -3.9356673199999994
0.4 -4.00013986
0.45 -4.0736209
0.5 -4.10472495
0.53725291934869 -4.09818629
0.57450583869738 -4.0792252
0.61175875804607 -4.04981918
0.6490116773947601 -4.013324
0.6862645967434501 -3.97469774
0.7235175160921401 -3.9414542
0.7607704354408301 -3.9273470799999997
0.7980233547895201 -3.9618822699999994
0.8352762741382102 -4.07040032
0.8725291934869002 -4.151610209999999
0.9196225051139242 -3.8807627699999996
0.9667158167409482 -3.62658202
1.0138091283679722 -3.6114969099999996
1.0609024399949962 -3.7203583399999998
1.1079957516220202 -3.7127551599999995
1.1550890632490443 -3.3050233799999997
1.2021823748760683 -2.9495059699999997
1.2492756865030923 -2.55639767
1.2963689981301163 -2.4601308900000003
1.3434623097571403 -2.51418636
