0.0 -1.39393038
0.05 -1.4586428
0.1 -1.63438686
0.15 -1.8794270299999998
0.2 -1.9253718
0.25 -1.6571052
0.3 -1.59746028
0.35 -1.7652873
0.4 -1.88360172
0.45 -1.9520324999999998
0.5 -1.9742359699999998
0.53725291934869 -1.9692848200000002
0.57450583869738 -1.9580629
0.61175875804607 -1.9491609600000002
0.6490116773947601 -1.97440862
0.6862645967434501 -2.35627763
0.7235175160921401 -2.73456555
0.7607704354408301 -3.08225175
0.7980233547895201 -3.0606740199999996
0.8352762741382102 -3.0097997999999997
0.8725291934869002 -2.98734962
0.9196225051139242 -3.0803975899999996
0.9667158167409482 -3.1821928
1.0138091283679722 -2.71605014
1.0609024399949962 -2.2510700000000003
1.1079957516220202 -1.9154644399999998
1.1550890632490443 -1.8864214300000002
1.2021823748760683 -2.0842954799999998
1.2492756865030923 -1.76105398
1.2963689981301163 -1.48361717
1.3434623097571403 -1.39393038
