0.0 3.03669045
0.04709331162702407 2.9372186
0.09418662325404814 2.8163190900000004
0.1412799348810722 2.6127342000000002
0.18837324650809628 2.53032028
0.23546655813512035 2.67247541
0.2825598697621444 2.8572405300000003
0.3296531813891685 2.99464486
0.37674649301619256 3.1121261000000002
0.42383980464321663 3.4490702200000003
0.4709331162702407 3.5840972100000004
0.5081860356189307 3.55432695
0.5454389549676207 3.47729643
0.5826918743163108 3.3705651600000004
0.6199447936650008 3.25023755
0.6571977130136908 3.41693668
0.6944506323623808 3.6373701900000004
0.7317035517110708 3.8680864500000003
0.7689564710597608 3.97496018
0.8062093904084509 3.90036612
0.8434623097571409 3.87244847
0.8934623097571408 3.82953854
0.9434623097571408 3.6975994
0.9934623097571409 3.4791381500000003
1.043462309757141 3.2005369100000003
1.093462309757141 2.9141828800000003
1.143462309757141 2.68966561
1.193462309757141 2.70910966
1.2434623097571411 2.8732174
1.2934623097571412 2.9148226900000003
1.3434623097571412 3.03669045
