0.0 -2.5142000600000003
0.05 -2.6058965799999996
0.1 -2.85530931
0.15 -3.1989222899999996
0.2 -3.55384
0.25 -3.81410009
0.3 -4.042515069999999
0.35 -4.3985116
0.4 -4.684445579999999
0.45 -4.87034027
0.5 -4.93488321
0.53725291934869 -4.94537566
0.57450583869738 -4.97698346
0.61175875804607 -5.02948621
0.6490116773947601 -5.10087668
0.6862645967434501 -5.1861435899999995
0.7235175160921401 -5.27724479
0.7607704354408301 -5.16604323
0.7980233547895201 -4.97743604
0.8352762741382102 -4.8030953
0.8725291934869002 -4.71610922
0.9196225051139242 -4.94626591
0.9667158167409482 -5.16388294
1.0138091283679722 -4.77523592
1.0609024399949962 -4.256433149999999
1.1079957516220202 -3.8273938999999997
1.1550890632490443 -3.7089564699999995
1.2021823748760683 -3.35796706
1.2492756865030923 -2.95241448
1.2963689981301163 -2.6351002
1.3434623097571403 -2.5142000600000003
