0.0 2.8451262500000003
0.04709331162702407 2.8785673600000004
0.09418662325404814 2.5923016600000004
0.1412799348810722 2.49588382
0.18837324650809628 2.49080704
0.23546655813512035 2.53000535
0.2825598697621444 2.66001361
0.3296531813891685 2.8177127100000003
0.37674649301619256 3.0163837300000003
0.42383980464321663 2.9533692900000004
0.4709331162702407 2.9081258400000003
0.5081860356189307 2.92507703
0.5454389549676207 2.9808932500000003
0.5826918743163108 3.08135547
0.6199447936650008 3.2279992500000003
0.6571977130136908 3.13020999
0.6944506323623808 3.02282266
0.7317035517110708 2.9385366900000003
0.7689564710597608 2.88284553
0.8062093904084509 2.85352898
0.8434623097571409 2.8446884800000003
0.8934623097571408 2.7618760300000003
0.9434623097571408 2.57090042
0.9934623097571409 2.3596900900000004
1.043462309757141 2.3069736
1.093462309757141 2.3953898500000004
1.143462309757141 2.5381866100000003
1.193462309757141 2.59546906
1.2434623097571411 2.6513371500000003
1.2934623097571412 2.91370014
1.3434623097571412 2.8451262500000003
