0.0 2.8297404299999998
0.05 2.83318848
0.1 2.5895789799999998
0.15 2.51554497
0.2 2.45710937
0.25 2.32193521
0.3 2.2409755
0.35 2.3012591099999997
0.4 2.50248401
0.45 2.6919408799999998
0.5 2.77621145
0.53725291934869 2.7601907999999997
0.57450583869738 2.76451536
0.61175875804607 2.79943661
0.6490116773947601 2.87126906
0.6862645967434501 2.9724554999999997
0.7235175160921401 3.08220122
0.7607704354408301 2.9888154499999997
0.7980233547895201 2.8885972399999997
0.8352762741382102 2.8326870399999997
0.8725291934869002 2.81606967
0.9196225051139242 2.86220361
0.9667158167409482 2.92869566
1.0138091283679722 2.71825384
1.0609024399949962 2.5843687099999997
1.1079957516220202 2.45083508
1.1550890632490443 2.37817721
1.2021823748760683 2.37986239
1.2492756865030923 2.51066892
1.2963689981301163 2.79460291
1.3434623097571403 2.8297404299999998
