0.0 -2.55066505
0.05 -2.53882233
0.1 -2.53236279
0.15 -2.9115371100000003
0.2 -3.31078449
0.25 -3.71570863
0.3 -3.9741640000000005
0.35 -4.0051545
0.4 -4.0696704399999994
0.45 -4.14364913
0.5 -4.175817589999999
0.53725291934869 -4.166647449999999
0.57450583869738 -4.1453522099999995
0.61175875804607 -4.11398887
0.6490116773947601 -4.07603077
0.6862645967434501 -4.03673721
0.7235175160921401 -4.00445901
0.7607704354408301 -3.99460798
0.7980233547895201 -4.02574147
0.8352762741382102 -4.11805825
0.8725291934869002 -4.19320968
0.9196225051139242 -3.93272721
0.9667158167409482 -3.69576356
1.0138091283679722 -3.68331344
1.0609024399949962 -3.7880858200000005
1.1079957516220202 -3.77034624
1.1550890632490443 -3.36646378
1.2021823748760683 -3.0159895800000003
1.2492756865030923 -2.6269371500000003
1.2963689981301163 -2.52250116
1.3434623097571403 -2.55066505
