0.0 -2.70934544
0.05 -2.7729800499999997
0.1 -3.0279065099999998
0.15 -3.39438897
0.2 -3.78149904
0.25 -4.18424136
0.3 -4.51778291
0.35 -4.54733242
0.4 -4.56172154
0.45 -4.5877428899999995
0.5 -4.59886312
0.53725291934869 -4.592304449999999
0.57450583869738 -4.5719094899999995
0.61175875804607 -4.54741329
0.6490116773947601 -4.52427388
0.6862645967434501 -4.5030018599999995
0.7235175160921401 -4.4869652
0.7607704354408301 -4.48869635
0.7980233547895201 -4.54605006
0.8352762741382102 -4.677613099999999
0.8725291934869002 -4.7606243
0.9196225051139242 -4.4851448199999995
0.9667158167409482 -4.2379212
1.0138091283679722 -4.26188847
1.0609024399949962 -4.37002207
1.1079957516220202 -4.2261416999999994
1.1550890632490443 -3.82659239
1.2021823748760683 -3.5006811499999997
1.2492756865030923 -3.1407008199999997
1.2963689981301163 -2.8207386999999997
1.3434623097571403 -2.70934544
