0.0 2.7132935199999997
0.05 2.68595472
0.1 2.54000547
0.15 2.2533148
0.2 2.06057392
0.25 2.02190331
0.3 2.10920358
0.35 2.19703805
0.4 2.23442713
0.45 2.2829105999999997
0.5 2.30521194
0.53725291934869 2.3185325299999997
0.57450583869738 2.33196043
0.61175875804607 2.32701938
0.6490116773947601 2.2871979099999997
0.6862645967434501 2.2108293
0.7235175160921401 2.10667188
0.7607704354408301 1.9882117400000001
0.7980233547895201 1.8768784799999998
0.8352762741382102 1.7982012799999998
0.8725291934869002 1.7677261400000002
0.9196225051139242 1.88637087
0.9667158167409482 2.09275879
1.0138091283679722 2.08942545
1.0609024399949962 1.8911600800000001
1.1079957516220202 1.8006039299999999
1.1550890632490443 1.90232557
1.2021823748760683 2.13699522
1.2492756865030923 2.4528214399999997
1.2963689981301163 2.68243054
1.3434623097571403 2.7132935199999997
