     -5.23617 1.25666
     -5.22617 1.01137
     -5.21617 0.50492
     -5.20617 0.03646
     -5.19617 0.00036
     -5.18617 0.00054
     -5.17617 0.04728
     -5.16617 0.56844
     -5.15617 1.03199
     -5.14617 0.97963
     -5.13617 0.76054
     -5.12617 0.10141
     -5.11617 0.00189
     -5.10617 0.00267
     -5.09617 0.12774
     -5.08617 0.88671
     -5.07617 1.47882
     -5.06617 1.73200
     -5.05617 0.90632
     -5.04617 0.10137
     -5.03617 0.00212
     -5.02617 0.03804
     -5.01617 0.51565
     -5.00617 0.94774
     -4.99617 0.23908
     -4.98617 0.10711
     -4.97617 0.45888
     -4.96617 0.28911
     -4.95617 0.12052
     -4.94617 0.74744
     -4.93617 0.78646
     -4.92617 0.11219
     -4.91617 0.01141
     -4.90617 0.25709
     -4.89617 1.07940
     -4.88617 1.73817
     -4.87617 1.80247
     -4.86617 0.34235
     -4.85617 0.02113
     -4.84617 0.29534
     -4.83617 0.97568
     -4.82617 0.43631
     -4.81617 0.02650
     -4.80617 0.01496
     -4.79617 0.32708
     -4.78617 0.98245
     -4.77617 0.39958
     -4.76617 0.02201
     -4.75617 0.00016
     -4.74617 0.00000
     -4.73617 0.00038
     -4.72617 0.03781
     -4.71617 0.51431
     -4.70617 0.94863
     -4.69617 0.27187
     -4.68617 0.67232
     -4.67617 1.90466
     -4.66617 0.83257
     -4.65617 0.05497
     -4.64617 0.00053
     -4.63617 0.00008
     -4.62617 0.01068
     -4.61617 0.19693
     -4.60617 0.49163
     -4.59617 0.16618
     -4.58617 0.01899
     -4.57617 0.24989
     -4.56617 1.14578
     -4.55617 1.73300
     -4.54617 1.30916
     -4.53617 1.57363
     -4.52617 2.16607
     -4.51617 2.38276
     -4.50617 3.97370
     -4.49617 4.50309
     -4.48617 3.93638
     -4.47617 4.76432
     -4.46617 5.35211
     -4.45617 5.34789
     -4.44617 6.44384
     -4.43617 6.91605
     -4.42617 3.11966
     -4.41617 2.61472
     -4.40617 4.67029
     -4.39617 5.59745
     -4.38617 3.52302
     -4.37617 3.29410
     -4.36617 6.21723
     -4.35617 6.21233
     -4.34617 3.06211
     -4.33617 2.81469
     -4.32617 4.03481
     -4.31617 2.76977
     -4.30617 1.71493
     -4.29617 2.55243
     -4.28617 3.23374
     -4.27617 1.80094
     -4.26617 1.60842
     -4.25617 2.77519
     -4.24617 2.11526
     -4.23617 1.90501
     -4.22617 1.81137
     -4.21617 1.57736
     -4.20617 3.28853
     -4.19617 3.41708
     -4.18617 1.50776
     -4.17617 0.48195
     -4.16617 0.45232
     -4.15617 0.08901
     -4.14617 0.00277
     -4.13617 0.03765
     -4.12617 0.52350
     -4.11617 1.14653
     -4.10617 0.73020
     -4.09617 0.21975
     -4.08617 0.67113
     -4.07617 1.73781
     -4.06617 1.23653
     -4.05617 1.21340
     -4.04617 1.03250
     -4.03617 0.17591
     -4.02617 0.01370
     -4.01617 0.28824
     -4.00617 1.60860
     -3.99617 2.57276
     -3.98617 2.82458
     -3.97617 2.08677
     -3.96617 1.31607
     -3.95617 0.59289
     -3.94617 0.04957
     -3.93617 0.00058
     -3.92617 0.00000
     -3.91617 0.00000
     -3.90617 0.00003
     -3.89617 0.00787
     -3.88617 0.31347
     -3.87617 2.13514
     -3.86617 3.69953
     -3.85617 2.69164
     -3.84617 1.54163
     -3.83617 1.67992
     -3.82617 2.07922
     -3.81617 3.38793
     -3.80617 3.10081
     -3.79617 1.98028
     -3.78617 2.82807
     -3.77617 0.90044
     -3.76617 1.85860
     -3.75617 4.01428
     -3.74617 3.65847
     -3.73617 2.50237
     -3.72617 2.92432
     -3.71617 3.69152
     -3.70617 4.69574
     -3.69617 6.24797
     -3.68617 3.51244
     -3.67617 2.44417
     -3.66617 2.99195
     -3.65617 2.44455
     -3.64617 2.20358
     -3.63617 1.43808
     -3.62617 1.93393
     -3.61617 3.14145
     -3.60617 2.95332
     -3.59617 2.17350
     -3.58617 0.82390
     -3.57617 0.29568
     -3.56617 1.69078
     -3.55617 3.26114
     -3.54617 3.23091
     -3.53617 2.88011
     -3.52617 1.91735
     -3.51617 2.39137
     -3.50617 1.99050
     -3.49617 1.20067
     -3.48617 1.65315
     -3.47617 1.39632
     -3.46617 1.26072
     -3.45617 2.20579
     -3.44617 3.48276
     -3.43617 2.47399
     -3.42617 1.79937
     -3.41617 1.54813
     -3.40617 2.47201
     -3.39617 1.77317
     -3.38617 1.84058
     -3.37617 1.27226
     -3.36617 1.23975
     -3.35617 1.67914
     -3.34617 0.49448
     -3.33617 0.46448
     -3.32617 1.75500
     -3.31617 1.17536
     -3.30617 0.57294
     -3.29617 1.40725
     -3.28617 1.33768
     -3.27617 1.16665
     -3.26617 1.93906
     -3.25617 0.82361
     -3.24617 0.95720
     -3.23617 1.09638
     -3.22617 2.07683
     -3.21617 2.32077
     -3.20617 2.31701
     -3.19617 2.81372
     -3.18617 2.07955
     -3.17617 1.37444
     -3.16617 0.53767
     -3.15617 0.62816
     -3.14617 0.90870
     -3.13617 0.35878
     -3.12617 0.89442
     -3.11617 0.62046
     -3.10617 0.13287
     -3.09617 0.72494
     -3.08617 1.40824
     -3.07617 1.20580
     -3.06617 1.70659
     -3.05617 3.36310
     -3.04617 1.77812
     -3.03617 0.20966
     -3.02617 0.00443
     -3.01617 0.00001
     -3.00617 0.00016
     -2.99617 0.02427
     -2.98617 0.51247
     -2.97617 1.47394
     -2.96617 0.59963
     -2.95617 0.60224
     -2.94617 2.24787
     -2.93617 1.61846
     -2.92617 0.96923
     -2.91617 1.91969
     -2.90617 1.35900
     -2.89617 0.88678
     -2.88617 1.01754
     -2.87617 1.05796
     -2.86617 0.54372
     -2.85617 0.47589
     -2.84617 1.75335
     -2.83617 1.81939
     -2.82617 0.32067
     -2.81617 0.19676
     -2.80617 1.19104
     -2.79617 1.59104
     -2.78617 0.63691
     -2.77617 1.37532
     -2.76617 1.92593
     -2.75617 1.44878
     -2.74617 1.07250
     -2.73617 0.18178
     -2.72617 0.36853
     -2.71617 1.03822
     -2.70617 1.04454
     -2.69617 1.60790
     -2.68617 1.74796
     -2.67617 1.95569
     -2.66617 2.74771
     -2.65617 3.12033
     -2.64617 2.25628
     -2.63617 1.71885
     -2.62617 1.21017
     -2.61617 0.90817
     -2.60617 3.61660
     -2.59617 5.42629
     -2.58617 3.93800
     -2.57617 5.60815
     -2.56617 5.34720
     -2.55617 5.02641
     -2.54617 2.88656
     -2.53617 2.26226
     -2.52617 3.62645
     -2.51617 3.61095
     -2.50617 1.56046
     -2.49617 1.31957
     -2.48617 2.32881
     -2.47617 4.18579
     -2.46617 4.08201
     -2.45617 2.26133
     -2.44617 3.41668
     -2.43617 3.20405
     -2.42617 1.41511
     -2.41617 2.16648
     -2.40617 3.33555
     -2.39617 2.83926
     -2.38617 1.90852
     -2.37617 1.46904
     -2.36617 2.00020
     -2.35617 2.80624
     -2.34617 2.11350
     -2.33617 1.21075
     -2.32617 1.90044
     -2.31617 2.83690
     -2.30617 2.31235
     -2.29617 2.51918
     -2.28617 3.29698
     -2.27617 1.99485
     -2.26617 3.01942
     -2.25617 4.52624
     -2.24617 3.97325
     -2.23617 3.51671
     -2.22617 2.23291
     -2.21617 1.89533
     -2.20617 1.92937
     -2.19617 2.69595
     -2.18617 2.16973
     -2.17617 1.38778
     -2.16617 1.18644
     -2.15617 1.82798
     -2.14617 3.21735
     -2.13617 2.51574
     -2.12617 1.43797
     -2.11617 2.41244
     -2.10617 2.24105
     -2.09617 0.60684
     -2.08617 0.57384
     -2.07617 2.03289
     -2.06617 1.94077
     -2.05617 1.10126
     -2.04617 1.11733
     -2.03617 4.10429
     -2.02617 7.56482
     -2.01617 6.08529
     -2.00617 5.64382
     -1.99617 2.96512
     -1.98617 0.84637
     -1.97617 0.08454
     -1.96617 0.19962
     -1.95617 1.04068
     -1.94617 1.25383
     -1.93617 1.04512
     -1.92617 1.53110
     -1.91617 1.63910
     -1.90617 1.75080
     -1.89617 1.53456
     -1.88617 1.09716
     -1.87617 1.08887
     -1.86617 1.90150
     -1.85617 2.01788
     -1.84617 0.89712
     -1.83617 1.62397
     -1.82617 1.60443
     -1.81617 1.44192
     -1.80617 2.00804
     -1.79617 2.19420
     -1.78617 1.52700
     -1.77617 1.60966
     -1.76617 0.80794
     -1.75617 1.14836
     -1.74617 2.19282
     -1.73617 3.18685
     -1.72617 3.32113
     -1.71617 1.87299
     -1.70617 0.96044
     -1.69617 0.52410
     -1.68617 1.07480
     -1.67617 1.06872
     -1.66617 1.04628
     -1.65617 2.47903
     -1.64617 3.69939
     -1.63617 2.91637
     -1.62617 2.84714
     -1.61617 2.50983
     -1.60617 2.87215
     -1.59617 2.15933
     -1.58617 1.09415
     -1.57617 0.41690
     -1.56617 0.50501
     -1.55617 0.96878
     -1.54617 0.38807
     -1.53617 0.98530
     -1.52617 2.21959
     -1.51617 1.68253
     -1.50617 0.25603
     -1.49617 0.25861
     -1.48617 0.47585
     -1.47617 0.12116
     -1.46617 0.03470
     -1.45617 0.31551
     -1.44617 0.44094
     -1.43617 0.08340
     -1.42617 0.00213
     -1.41617 0.00001
     -1.40617 0.00000
     -1.39617 0.00000
     -1.38617 0.00000
     -1.37617 0.00000
     -1.36617 0.00000
     -1.35617 0.00000
     -1.34617 0.00000
     -1.33617 0.00000
     -1.32617 0.00000
     -1.31617 0.00000
     -1.30617 0.00000
     -1.29617 0.00000
     -1.28617 0.00000
     -1.27617 0.00000
     -1.26617 0.00000
     -1.25617 0.00000
     -1.24617 0.00000
     -1.23617 0.00000
     -1.22617 0.00000
     -1.21617 0.00000
     -1.20617 0.00000
     -1.19617 0.00000
     -1.18617 0.00074
     -1.17617 0.06621
     -1.16617 0.83732
     -1.15617 1.77486
     -1.14617 1.39105
     -1.13617 1.06577
     -1.12617 1.07481
     -1.11617 0.62379
     -1.10617 0.26003
     -1.09617 1.09404
     -1.08617 1.98390
     -1.07617 1.69986
     -1.06617 1.05971
     -1.05617 0.15849
     -1.04617 0.00429
     -1.03617 0.03167
     -1.02617 0.76171
     -1.01617 3.00885
     -1.00617 3.03409
     -0.99617 2.46164
     -0.98617 1.80272
     -0.97617 1.22037
     -0.96617 1.37960
     -0.95617 2.17639
     -0.94617 1.69857
     -0.93617 2.52766
     -0.92617 2.96125
     -0.91617 3.55113
     -0.90617 2.85005
     -0.89617 2.15560
     -0.88617 2.62284
     -0.87617 3.29108
     -0.86617 3.72268
     -0.85617 3.09499
     -0.84617 1.90558
     -0.83617 1.19741
     -0.82617 0.61086
     -0.81617 0.91343
     -0.80617 2.40728
     -0.79617 2.62591
     -0.78617 0.93912
     -0.77617 0.52602
     -0.76617 1.18971
     -0.75617 1.48090
     -0.74617 2.23850
     -0.73617 2.04922
     -0.72617 2.11561
     -0.71617 1.68019
     -0.70617 2.08810
     -0.69617 2.29799
     -0.68617 1.82549
     -0.67617 1.41391
     -0.66617 0.76305
     -0.65617 0.52199
     -0.64617 0.95300
     -0.63617 1.54433
     -0.62617 1.53980
     -0.61617 1.91770
     -0.60617 0.90023
     -0.59617 0.40840
     -0.58617 1.28215
     -0.57617 1.89464
     -0.56617 1.72762
     -0.55617 1.21638
     -0.54617 1.06599
     -0.53617 0.35389
     -0.52617 0.95359
     -0.51617 2.87653
     -0.50617 1.29085
     -0.49617 0.15317
     -0.48617 0.83435
     -0.47617 1.51845
     -0.46617 1.47324
     -0.45617 2.22851
     -0.44617 1.19001
     -0.43617 1.85659
     -0.42617 1.78542
     -0.41617 0.38938
     -0.40617 0.29063
     -0.39617 1.43601
     -0.38617 1.51925
     -0.37617 1.03095
     -0.36617 1.67626
     -0.35617 1.76683
     -0.34617 1.44979
     -0.33617 0.91793
     -0.32617 0.99809
     -0.31617 0.25929
     -0.30617 0.00982
     -0.29617 0.03911
     -0.28617 0.52224
     -0.27617 0.94507
     -0.26617 0.23151
     -0.25617 0.00787
     -0.24617 0.02466
     -0.23617 0.42185
     -0.22617 0.99025
     -0.21617 0.59562
     -0.20617 0.98585
     -0.19617 0.45612
     -0.18617 0.29802
     -0.17617 0.96688
     -0.16617 0.46791
     -0.15617 0.03066
     -0.14617 0.00027
     -0.13617 0.00000
     -0.12617 0.00020
     -0.11617 0.01950
     -0.10617 0.27057
     -0.09617 0.66398
     -0.08617 0.60830
     -0.07617 0.17536
     -0.06617 0.00811
     -0.05617 0.00109
     -0.04617 0.07180
     -0.03617 0.67205
     -0.02617 0.85149
     -0.01617 0.14604
     -0.00617 0.00339
     0.00383 0.00001
     0.01383 0.00000
     0.02383 0.00000
     0.03383 0.00000
     0.04383 0.00000
     0.05383 0.00000
     0.06383 0.00000
     0.07383 0.00000
     0.08383 0.00000
     0.09383 0.00000
     0.10383 0.00000
     0.11383 0.00000
     0.12383 0.00000
     0.13383 0.00000
     0.14383 0.00000
     0.15383 0.00000
     0.16383 0.00000
     0.17383 0.00000
     0.18383 0.00000
     0.19383 0.00000
     0.20383 0.00000
     0.21383 0.00000
     0.22383 0.00000
     0.23383 0.00000
     0.24383 0.00000
     0.25383 0.00000
     0.26383 0.00000
     0.27383 0.00000
     0.28383 0.00000
     0.29383 0.00000
     0.30383 0.00000
     0.31383 0.00000
     0.32383 0.00000
     0.33383 0.00000
     0.34383 0.00000
     0.35383 0.00000
     0.36383 0.00000
     0.37383 0.00000
     0.38383 0.00000
     0.39383 0.00000
     0.40383 0.00000
     0.41383 0.00000
     0.42383 0.00000
     0.43383 0.00000
     0.44383 0.00000
     0.45383 0.00000
     0.46383 0.00000
     0.47383 0.00000
     0.48383 0.00000
     0.49383 0.00000
     0.50383 0.00000
     0.51383 0.00000
     0.52383 0.00000
     0.53383 0.00000
     0.54383 0.00000
     0.55383 0.00000
     0.56383 0.00000
     0.57383 0.00000
     0.58383 0.00000
     0.59383 0.00000
     0.60383 0.00000
     0.61383 0.00000
     0.62383 0.00000
     0.63383 0.00000
     0.64383 0.00000
     0.65383 0.00000
     0.66383 0.00000
     0.67383 0.00000
     0.68383 0.00000
     0.69383 0.00000
     0.70383 0.00000
     0.71383 0.00000
     0.72383 0.00000
     0.73383 0.00000
     0.74383 0.00000
     0.75383 0.00000
     0.76383 0.00000
     0.77383 0.00000
     0.78383 0.00000
     0.79383 0.00000
     0.80383 0.00000
     0.81383 0.00000
     0.82383 0.00000
     0.83383 0.00000
     0.84383 0.00000
     0.85383 0.00000
     0.86383 0.00000
     0.87383 0.00000
     0.88383 0.00000
     0.89383 0.00000
     0.90383 0.00000
     0.91383 0.00000
     0.92383 0.00000
     0.93383 0.00000
     0.94383 0.00000
     0.95383 0.00000
     0.96383 0.00000
     0.97383 0.00000
     0.98383 0.00000
     0.99383 0.00000
     1.00383 0.00000
     1.01383 0.00000
     1.02383 0.00000
     1.03383 0.00000
     1.04383 0.00000
     1.05383 0.00000
     1.06383 0.00000
     1.07383 0.00000
     1.08383 0.00000
     1.09383 0.00000
     1.10383 0.00000
     1.11383 0.00000
     1.12383 0.00000
     1.13383 0.00000
     1.14383 0.00000
     1.15383 0.00000
     1.16383 0.00000
     1.17383 0.00000
     1.18383 0.00000
     1.19383 0.00000
     1.20383 0.00000
     1.21383 0.00000
     1.22383 0.00000
     1.23383 0.00000
     1.24383 0.00000
     1.25383 0.00000
     1.26383 0.00000
     1.27383 0.00000
     1.28383 0.00000
     1.29383 0.00000
     1.30383 0.00000
     1.31383 0.00000
     1.32383 0.00000
     1.33383 0.00000
     1.34383 0.00000
     1.35383 0.00000
     1.36383 0.00000
     1.37383 0.00000
     1.38383 0.00000
     1.39383 0.00000
     1.40383 0.00000
     1.41383 0.00000
     1.42383 0.00000
     1.43383 0.00000
     1.44383 0.00000
     1.45383 0.00000
     1.46383 0.00000
     1.47383 0.00000
     1.48383 0.00000
     1.49383 0.00000
     1.50383 0.00000
     1.51383 0.00000
     1.52383 0.00000
     1.53383 0.00000
     1.54383 0.00000
     1.55383 0.00000
     1.56383 0.00000
     1.57383 0.00000
     1.58383 0.00000
     1.59383 0.00000
     1.60383 0.00000
     1.61383 0.00000
     1.62383 0.00000
     1.63383 0.00000
     1.64383 0.00000
     1.65383 0.00000
     1.66383 0.00000
     1.67383 0.00000
     1.68383 0.00000
     1.69383 0.00000
     1.70383 0.00000
     1.71383 0.00000
     1.72383 0.00000
     1.73383 0.00000
     1.74383 0.00000
     1.75383 0.00000
     1.76383 0.00000
     1.77383 0.00000
     1.78383 0.00000
     1.79383 0.00000
     1.80383 0.00000
     1.81383 0.00000
     1.82383 0.00000
     1.83383 0.00000
     1.84383 0.00000
     1.85383 0.00000
     1.86383 0.00000
     1.87383 0.00000
     1.88383 0.00000
     1.89383 0.00000
     1.90383 0.00000
     1.91383 0.00000
     1.92383 0.00000
     1.93383 0.00000
     1.94383 0.00000
     1.95383 0.00000
     1.96383 0.00000
     1.97383 0.00000
     1.98383 0.00000
     1.99383 0.00000
     2.00383 0.00000
     2.01383 0.00000
     2.02383 0.00000
     2.03383 0.00000
     2.04383 0.00000
     2.05383 0.00000
     2.06383 0.00000
     2.07383 0.00000
     2.08383 0.00000
     2.09383 0.00000
     2.10383 0.00000
     2.11383 0.00000
     2.12383 0.00000
     2.13383 0.00000
     2.14383 0.00000
     2.15383 0.00000
     2.16383 0.00000
     2.17383 0.00000
     2.18383 0.00000
     2.19383 0.00000
     2.20383 0.00000
     2.21383 0.00000
     2.22383 0.00000
     2.23383 0.00000
     2.24383 0.00000
     2.25383 0.00000
     2.26383 0.00000
     2.27383 0.00000
     2.28383 0.00000
     2.29383 0.00000
     2.30383 0.00000
     2.31383 0.00000
     2.32383 0.00000
     2.33383 0.00000
     2.34383 0.00000
     2.35383 0.00000
     2.36383 0.00000
     2.37383 0.00000
     2.38383 0.00000
     2.39383 0.00000
     2.40383 0.00000
     2.41383 0.00000
     2.42383 0.00000
     2.43383 0.00000
     2.44383 0.00086
     2.45383 0.06411
     2.46383 0.69780
     2.47383 1.67706
     2.48383 2.01251
     2.49383 1.09623
     2.50383 1.36415
     2.51383 1.15103
     2.52383 1.16556
     2.53383 0.92172
     2.54383 0.58872
     2.55383 1.15951
     2.56383 1.87453
     2.57383 2.57825
     2.58383 3.36292
     2.59383 2.51159
     2.60383 1.74491
     2.61383 2.08699
     2.62383 2.29897
     2.63383 1.91839
     2.64383 2.89350
     2.65383 2.12183
     2.66383 2.57992
     2.67383 2.14247
     2.68383 1.38537
     2.69383 2.57627
     2.70383 3.07669
     2.71383 4.23803
     2.72383 2.64081
     2.73383 1.53922
     2.74383 1.95313
     2.75383 2.30110
     2.76383 1.59573
     2.77383 2.25510
     2.78383 2.45567
     2.79383 2.60114
     2.80383 3.39713
     2.81383 2.84689
     2.82383 3.36125
     2.83383 2.36048
     2.84383 2.06964
     2.85383 1.88539
     2.86383 2.56075
     2.87383 1.71370
     2.88383 1.19338
     2.89383 2.64584
     2.90383 3.71597
     2.91383 1.45717
     2.92383 1.23821
     2.93383 1.27639
     2.94383 2.01556
     2.95383 5.22275
     2.96383 5.44889
     2.97383 4.61417
     2.98383 2.40196
     2.99383 0.67277
     3.00383 2.23944
     3.01383 4.00939
     3.02383 3.18601
     3.03383 4.78680
     3.04383 3.67010
     3.05383 2.49278
     3.06383 4.26999
     3.07383 5.18897
     3.08383 4.52875
     3.09383 5.76654
     3.10383 4.60934
     3.11383 2.96569
     3.12383 2.20179
     3.13383 2.41218
     3.14383 2.49169
     3.15383 3.19075
     3.16383 4.12678
     3.17383 2.09811
     3.18383 0.73248
     3.19383 0.70072
     3.20383 2.27002
     3.21383 2.82881
     3.22383 2.23339
     3.23383 3.53379
     3.24383 2.80069
     3.25383 1.47518
     3.26383 1.01293
     3.27383 2.60967
     3.28383 6.55085
     3.29383 5.49834
     3.30383 3.39188
     3.31383 2.23870
     3.32383 3.59305
     3.33383 3.69659
     3.34383 3.03922
     3.35383 2.81813
     3.36383 1.21339
     3.37383 1.91150
     3.38383 1.94701
     3.39383 2.84954
     3.40383 4.15525
     3.41383 3.45526
     3.42383 0.74094
     3.43383 0.29147
     3.44383 2.19201
     3.45383 3.91890
     3.46383 2.12654
     3.47383 2.93081
     3.48383 3.81669
     3.49383 2.16769
     3.50383 1.78571
     3.51383 2.20255
     3.52383 1.55778
     3.53383 2.06471
     3.54383 1.81969
     3.55383 3.05467
     3.56383 4.15096
     3.57383 3.15447
     3.58383 1.68455
     3.59383 1.65658
     3.60383 2.47495
     3.61383 1.57224
     3.62383 1.41606
     3.63383 1.31386
     3.64383 1.59593
     3.65383 1.63714
     3.66383 1.24561
     3.67383 1.43551
     3.68383 1.47064
     3.69383 1.12874
     3.70383 1.64366
     3.71383 3.02845
     3.72383 3.71842
     3.73383 4.54403
     3.74383 3.65912
     3.75383 2.67111
     3.76383 2.51410
     3.77383 3.11509
     3.78383 2.13578
     3.79383 1.87597
     3.80383 3.61309
     3.81383 4.84730
     3.82383 3.59510
     3.83383 1.67166
     3.84383 1.20645
     3.85383 1.47863
     3.86383 2.47790
     3.87383 3.64400
     3.88383 2.92300
     3.89383 1.88345
     3.90383 1.97851
     3.91383 1.28629
     3.92383 0.68759
     3.93383 0.23973
     3.94383 0.86024
     3.95383 1.86593
     3.96383 2.79083
     3.97383 2.42510
     3.98383 0.79302
     3.99383 1.63951
     4.00383 3.27902
     4.01383 3.15942
     4.02383 3.09296
     4.03383 3.30781
     4.04383 2.05529
     4.05383 0.68996
     4.06383 0.05499
     4.07383 0.00101
     4.08383 0.04675
     4.09383 0.98810
     4.10383 3.60090
     4.11383 3.66836
     4.12383 1.91670
     4.13383 0.25004
     4.14383 0.05851
     4.15383 0.57406
     4.16383 1.49328
     4.17383 1.86243
     4.18383 2.03850
     4.19383 1.06799
     4.20383 0.98338
     4.21383 0.60058
     4.22383 0.05434
     4.23383 0.00081
     4.24383 0.02047
     4.25383 0.43842
     4.26383 1.86002
     4.27383 2.72526
     4.28383 1.96329
     4.29383 0.78884
     4.30383 0.42523
     4.31383 1.56857
     4.32383 2.79951
     4.33383 1.96827
     4.34383 0.27650
     4.35383 0.00600
     4.36383 0.00003
     4.37383 0.00352
     4.38383 0.15356
     4.39383 1.11083
     4.40383 2.33523
     4.41383 1.91413
     4.42383 1.43307
     4.43383 1.46453
     4.44383 1.51463
     4.45383 1.22465
     4.46383 0.71457
     4.47383 0.96482
     4.48383 0.29201
     4.49383 0.35741
     4.50383 0.43538
     4.51383 0.43821
     4.52383 1.07563
     4.53383 1.29749
     4.54383 1.75479
     4.55383 0.91205
     4.56383 1.82585
     4.57383 2.00391
     4.58383 0.33696
     4.59383 0.10180
     4.60383 0.79843
     4.61383 1.27674
     4.62383 1.22695
     4.63383 2.14922
     4.64383 1.99800
     4.65383 0.92299
     4.66383 1.62554
     4.67383 1.67377
     4.68383 0.55062
     4.69383 1.10393
     4.70383 2.13421
     4.71383 1.26210
     4.72383 1.04138
     4.73383 0.44326
     4.74383 0.02942
     4.75383 0.01747
     4.76383 0.35239
     4.77383 1.03039
     4.78383 1.17333
     4.79383 2.45358
     4.80383 2.55658
     4.81383 1.08784
     4.82383 0.62621
     4.83383 2.10986
     4.84383 3.08395
     4.85383 1.69160
     4.86383 1.35449
     4.87383 1.88350
     4.88383 2.33896
     4.89383 4.60868
     4.90383 4.43987
     4.91383 2.04768
     4.92383 3.58698
     4.93383 3.49749
     4.94383 1.65567
     4.95383 0.29786
     4.96383 0.02347
     4.97383 0.40966
     4.98383 2.00041
     4.99383 2.19131
     5.00383 0.59086
     5.01383 0.03204
     5.02383 0.08234
     5.03383 0.96169
     5.04383 2.71173
     5.05383 2.28616
     5.06383 1.65656
     5.07383 2.13760
     5.08383 1.89498
     5.09383 1.13466
     5.10383 0.24126
     5.11383 0.38747
     5.12383 0.98427
     5.13383 0.34488
     5.14383 0.04117
     5.15383 0.42208
     5.16383 1.03813
     5.17383 1.27911
     5.18383 2.37568
     5.19383 0.91468
     5.20383 0.05751
     5.21383 0.09039
     5.22383 0.72567
     5.23383 0.80399
     5.24383 0.13022
     5.25383 0.27479
     5.26383 1.48578
     5.27383 1.46058
     5.28383 0.33958
     5.29383 0.71212
     5.30383 1.08097
     5.31383 1.71615
     5.32383 1.46011
     5.33383 0.33148
     5.34383 0.48761
     5.35383 0.23281
     5.36383 0.04714
     5.37383 0.47384
     5.38383 0.96176
     5.39383 0.26932
     5.40383 0.09371
     5.41383 0.70680
     5.42383 0.82975
     5.43383 0.38370
     5.44383 0.96044
     5.45383 0.49179
     5.46383 0.03834
     5.47383 0.16278
     5.48383 0.87597
     5.49383 0.63932
     5.50383 0.06344
     5.51383 0.03212
     5.52383 0.47228
     5.53383 1.04800
     5.54383 0.97934
     5.55383 0.86190
     5.56383 0.60383
     5.57383 0.96582
     5.58383 0.26519
     5.59383 0.00993
     5.60383 0.00034
     5.61383 0.02559
     5.62383 0.34325
     5.63383 0.84919
     5.64383 0.47479
     5.65383 0.05282
     5.66383 0.06865
     5.67383 0.65704
     5.68383 0.86286
     5.69383 0.15350
     5.70383 0.00370
     5.71383 0.00001
     5.72383 0.00000
     5.73383 0.00000
     5.74383 0.00000
     5.75383 0.00000
     5.76383 0.00000
     5.77383 0.00000
     5.78383 0.00000
     5.79383 0.00000
     5.80383 0.00000
     5.81383 0.00000
     5.82383 0.00000
     5.83383 0.00000
     5.84383 0.00000
     5.85383 0.00000
     5.86383 0.00000
     5.87383 0.00000
     5.88383 0.00000
     5.89383 0.00000
     5.90383 0.00000
     5.91383 0.00000
     5.92383 0.00000
     5.93383 0.00000
     5.94383 0.00000
     5.95383 0.00000
     5.96383 0.00000
     5.97383 0.00000
     5.98383 0.00000
     5.99383 0.00000
     6.00383 0.00000
     6.01383 0.00000
     6.02383 0.00000
     6.03383 0.00000
     6.04383 0.00000
     6.05383 0.00000
     6.06383 0.00000
     6.07383 0.00000
     6.08383 0.00000
     6.09383 0.00000
     6.10383 0.00000
     6.11383 0.00000
     6.12383 0.00000
     6.13383 0.00000
     6.14383 0.00000
     6.15383 0.00000
     6.16383 0.00000
     6.17383 0.00000
     6.18383 0.00000
     6.19383 0.00000
     6.20383 0.00000
     6.21383 0.00000
     6.22383 0.00000
     6.23383 0.00000
     6.24383 0.00000
     6.25383 0.00000
     6.26383 0.00000
     6.27383 0.00000
     6.28383 0.00000
     6.29383 0.00000
     6.30383 0.00000
     6.31383 0.00000
     6.32383 0.00000
     6.33383 0.00000
     6.34383 0.00000
     6.35383 0.00000
     6.36383 0.00000
     6.37383 0.00000
     6.38383 0.00000
     6.39383 0.00000
     6.40383 0.00000
     6.41383 0.00000
     6.42383 0.00000
     6.43383 0.00000
     6.44383 0.00000
     6.45383 0.00000
     6.46383 0.00000
     6.47383 0.00000
     6.48383 0.00000
     6.49383 0.00000
     6.50383 0.00000
     6.51383 0.00000
     6.52383 0.00000
     6.53383 0.00000
     6.54383 0.00000
     6.55383 0.00000
     6.56383 0.00000
     6.57383 0.00000
     6.58383 0.00000
     6.59383 0.00000
     6.60383 0.00000
     6.61383 0.00000
     6.62383 0.00000
     6.63383 0.00000
     6.64383 0.00000
     6.65383 0.00000
     6.66383 0.00000
     6.67383 0.00000
     6.68383 0.00000
     6.69383 0.00000
     6.70383 0.00000
     6.71383 0.00000
     6.72383 0.00000
     6.73383 0.00000
     6.74383 0.00000
     6.75383 0.00000
     6.76383 0.00000
     6.77383 0.00000
     6.78383 0.00000
     6.79383 0.00000
     6.80383 0.00000
     6.81383 0.00000
     6.82383 0.00000
     6.83383 0.00000
     6.84383 0.00000
     6.85383 0.00000
     6.86383 0.00000
     6.87383 0.00000
     6.88383 0.00000
     6.89383 0.00000
     6.90383 0.00000
     6.91383 0.00000
     6.92383 0.00000
     6.93383 0.00000
     6.94383 0.00000
     6.95383 0.00000
     6.96383 0.00000
     6.97383 0.00000
     6.98383 0.00009
     6.99383 0.01130
     7.00383 0.20246
     7.01383 0.49094
     7.02383 0.16561
     7.03383 0.13360
     7.04383 0.48586
     7.05383 0.40171
     7.06383 0.50891
     7.07383 0.28648
     7.08383 0.44543
     7.09383 0.32668
     7.10383 0.07425
     7.11383 0.35387
     7.12383 0.41199
     7.13383 0.10182
     7.14383 0.44598
     7.15383 0.90949
     7.16383 0.34053
     7.17383 0.17723
     7.18383 0.51760
     7.19383 0.50945
     7.20383 0.46209
     7.21383 0.09100
     7.22383 0.00301
     7.23383 0.03624
     7.24383 0.33730
     7.25383 0.43316
     7.26383 0.29271
     7.27383 1.08332
     7.28383 1.18541
     7.29383 0.74370
     7.30383 0.80487
     7.31383 0.69164
     7.32383 1.05750
     7.33383 0.75827
     7.34383 0.38556
     7.35383 0.04575
     7.36383 0.00077
     7.37383 0.00000
     7.38383 0.00000
     7.39383 0.00144
     7.40383 0.07096
     7.41383 0.56130
     7.42383 1.07728
     7.43383 1.16902
     7.44383 0.61629
     7.45383 0.44822
     7.46383 0.38726
