     -5.05829 5.54490
     -5.04829 5.07915
     -5.03829 4.61484
     -5.02829 4.27420
     -5.01829 4.14782
     -5.00829 4.19328
     -4.99829 4.21791
     -4.98829 4.00621
     -4.97829 3.50626
     -4.96829 2.88121
     -4.95829 2.36339
     -4.94829 2.07626
     -4.93829 1.99222
     -4.92829 2.00756
     -4.91829 2.02472
     -4.90829 1.99222
     -4.89829 1.91149
     -4.88829 1.82102
     -4.87829 1.76580
     -4.86829 1.77124
     -4.85829 1.83368
     -4.84829 1.92044
     -4.83829 1.97728
     -4.82829 1.95298
     -4.81829 1.83257
     -4.80829 1.64871
     -4.79829 1.45837
     -4.78829 1.30844
     -4.77829 1.21984
     -4.76829 1.19221
     -4.75829 1.21109
     -4.74829 1.24960
     -4.73829 1.27414
     -4.72829 1.26052
     -4.71829 1.20944
     -4.70829 1.14611
     -4.69829 1.10501
     -4.68829 1.11224
     -4.67829 1.17173
     -4.66829 1.25781
     -4.65829 1.32465
     -4.64829 1.33423
     -4.63829 1.28109
     -4.62829 1.19142
     -4.61829 1.10057
     -4.60829 1.02997
     -4.59829 0.98096
     -4.58829 0.94730
     -4.57829 0.92973
     -4.56829 0.93488
     -4.55829 0.96250
     -4.54829 0.99894
     -4.53829 1.02429
     -4.52829 1.02422
     -4.51829 0.99743
     -4.50829 0.95695
     -4.49829 0.92439
     -4.48829 0.91760
     -4.47829 0.94156
     -4.46829 0.99145
     -4.45829 1.05746
     -4.44829 1.11867
     -4.43829 1.13945
     -4.42829 1.08922
     -4.41829 0.97281
     -4.40829 0.83556
     -4.39829 0.73405
     -4.38829 0.70309
     -4.37829 0.74529
     -4.36829 0.83621
     -4.35829 0.93014
     -4.34829 0.97518
     -4.33829 0.94559
     -4.32829 0.86362
     -4.31829 0.78018
     -4.30829 0.73446
     -4.29829 0.73919
     -4.28829 0.79368
     -4.27829 0.88876
     -4.26829 0.99553
     -4.25829 1.06908
     -4.24829 1.08007
     -4.23829 1.03994
     -4.22829 0.98945
     -4.21829 0.97317
     -4.20829 1.03957
     -4.19829 1.25463
     -4.18829 1.67710
     -4.17829 2.29032
     -4.16829 2.96853
     -4.15829 3.54419
     -4.14829 3.92339
     -4.13829 4.12843
     -4.12829 4.23699
     -4.11829 4.30839
     -4.10829 4.37628
     -4.09829 4.48059
     -4.08829 4.66293
     -4.07829 4.91898
     -4.06829 5.18558
     -4.05829 5.40597
     -4.04829 5.59979
     -4.03829 5.84812
     -4.02829 6.21656
     -4.01829 6.70452
     -4.00829 7.24905
     -3.99829 7.75112
     -3.98829 8.10839
     -3.97829 8.26056
     -3.96829 8.23071
     -3.95829 8.12104
     -3.94829 8.04830
     -3.93829 8.06378
     -3.92829 8.12144
     -3.91829 8.11480
     -3.90829 7.95447
     -3.89829 7.63510
     -3.88829 7.23623
     -3.87829 6.84836
     -3.86829 6.49752
     -3.85829 6.14775
     -3.84829 5.76667
     -3.83829 5.36745
     -3.82829 4.98405
     -3.81829 4.63036
     -3.80829 4.30915
     -3.79829 4.05049
     -3.78829 3.90433
     -3.77829 3.87860
     -3.76829 3.90277
     -3.75829 3.87155
     -3.74829 3.72625
     -3.73829 3.49231
     -3.72829 3.24403
     -3.71829 3.03896
     -3.70829 2.88555
     -3.69829 2.76251
     -3.68829 2.64955
     -3.67829 2.53038
     -3.66829 2.38137
     -3.65829 2.17924
     -3.64829 1.92643
     -3.63829 1.66387
     -3.62829 1.45380
     -3.61829 1.34507
     -3.60829 1.34827
     -3.59829 1.43742
     -3.58829 1.57198
     -3.57829 1.71637
     -3.56829 1.84344
     -3.55829 1.93267
     -3.54829 1.97828
     -3.53829 1.99661
     -3.52829 2.01256
     -3.51829 2.03879
     -3.50829 2.08513
     -3.49829 2.19225
     -3.48829 2.42694
     -3.47829 2.81316
     -3.46829 3.27570
     -3.45829 3.68618
     -3.44829 3.97766
     -3.43829 4.19454
     -3.42829 4.41810
     -3.41829 4.66250
     -3.40829 4.86709
     -3.39829 4.98592
     -3.38829 5.05563
     -3.37829 5.15378
     -3.36829 5.30198
     -3.35829 5.44141
     -3.34829 5.51223
     -3.33829 5.53340
     -3.32829 5.59153
     -3.31829 5.77270
     -3.30829 6.12080
     -3.29829 6.63525
     -3.28829 7.26343
     -3.27829 7.88581
     -3.26829 8.34536
     -3.25829 8.53036
     -3.24829 8.44083
     -3.23829 8.17651
     -3.22829 7.86499
     -3.21829 7.59102
     -3.20829 7.36637
     -3.19829 7.14951
     -3.18829 6.89734
     -3.17829 6.60124
     -3.16829 6.27448
     -3.15829 5.92326
     -3.14829 5.55120
     -3.13829 5.18569
     -3.12829 4.87340
     -3.11829 4.63605
     -3.10829 4.44233
     -3.09829 4.23901
     -3.08829 4.00456
     -3.07829 3.75890
     -3.06829 3.52712
     -3.05829 3.31213
     -3.04829 3.10564
     -3.03829 2.91157
     -3.02829 2.75113
     -3.01829 2.65206
     -3.00829 2.63555
     -2.99829 2.70094
     -2.98829 2.81197
     -2.97829 2.89933
     -2.96829 2.88945
     -2.95829 2.75351
     -2.94829 2.54717
     -2.93829 2.39281
     -2.92829 2.38685
     -2.91829 2.50498
     -2.90829 2.61678
     -2.89829 2.61122
     -2.88829 2.49198
     -2.87829 2.33978
     -2.86829 2.21370
     -2.85829 2.11942
     -2.84829 2.05319
     -2.83829 2.03452
     -2.82829 2.08414
     -2.81829 2.18704
     -2.80829 2.29198
     -2.79829 2.34608
     -2.78829 2.32318
     -2.77829 2.22378
     -2.76829 2.06677
     -2.75829 1.89451
     -2.74829 1.77630
     -2.73829 1.78100
     -2.72829 1.92425
     -2.71829 2.13758
     -2.70829 2.30420
     -2.69829 2.34534
     -2.68829 2.27680
     -2.67829 2.17907
     -2.66829 2.12102
     -2.65829 2.11669
     -2.64829 2.13324
     -2.63829 2.12034
     -2.62829 2.04533
     -2.61829 1.92182
     -2.60829 1.80330
     -2.59829 1.74246
     -2.58829 1.76175
     -2.57829 1.85984
     -2.56829 2.02174
     -2.55829 2.20725
     -2.54829 2.35052
     -2.53829 2.40014
     -2.52829 2.36215
     -2.51829 2.29231
     -2.50829 2.24265
     -2.49829 2.21486
     -2.48829 2.16607
     -2.47829 2.06543
     -2.46829 1.94687
     -2.45829 1.89790
     -2.44829 1.98506
     -2.43829 2.18560
     -2.42829 2.39597
     -2.41829 2.51171
     -2.40829 2.50322
     -2.39829 2.42861
     -2.38829 2.38720
     -2.37829 2.44454
     -2.36829 2.57111
     -2.35829 2.65556
     -2.34829 2.60529
     -2.33829 2.44107
     -2.32829 2.28229
     -2.31829 2.24409
     -2.30829 2.35550
     -2.29829 2.55698
     -2.28829 2.74938
     -2.27829 2.84964
     -2.26829 2.83182
     -2.25829 2.74012
     -2.24829 2.66415
     -2.23829 2.68621
     -2.22829 2.83005
     -2.21829 3.04494
     -2.20829 3.24075
     -2.19829 3.35268
     -2.18829 3.38410
     -2.17829 3.39127
     -2.16829 3.42548
     -2.15829 3.48747
     -2.14829 3.53858
     -2.13829 3.55794
     -2.12829 3.58081
     -2.11829 3.66614
     -2.10829 3.82558
     -2.09829 4.00527
     -2.08829 4.16306
     -2.07829 4.36688
     -2.06829 4.78683
     -2.05829 5.54474
     -2.04829 6.55498
     -2.03829 7.53905
     -2.02829 8.22290
     -2.01829 8.51879
     -2.00829 8.51896
     -1.99829 8.35164
     -1.98829 8.08237
     -1.97829 7.73923
     -1.96829 7.36877
     -1.95829 7.02188
     -1.94829 6.70774
     -1.93829 6.40884
     -1.92829 6.14214
     -1.91829 5.96715
     -1.90829 5.91756
     -1.89829 5.94527
     -1.88829 5.94889
     -1.87829 5.85146
     -1.86829 5.64169
     -1.85829 5.35409
     -1.84829 5.04133
     -1.83829 4.77078
     -1.82829 4.60917
     -1.81829 4.57472
     -1.80829 4.60702
     -1.79829 4.60232
     -1.78829 4.49019
     -1.77829 4.29015
     -1.76829 4.10720
     -1.75829 4.05777
     -1.74829 4.16484
     -1.73829 4.31564
     -1.72829 4.34607
     -1.71829 4.18191
     -1.70829 3.89240
     -1.69829 3.61576
     -1.68829 3.45572
     -1.67829 3.44310
     -1.66829 3.55279
     -1.65829 3.72235
     -1.64829 3.86315
     -1.63829 3.88983
     -1.62829 3.76625
     -1.61829 3.52850
     -1.60829 3.25708
     -1.59829 3.02039
     -1.58829 2.84358
     -1.57829 2.73070
     -1.56829 2.70249
     -1.55829 2.79223
     -1.54829 3.00298
     -1.53829 3.28132
     -1.52829 3.53514
     -1.51829 3.67639
     -1.50829 3.66346
     -1.49829 3.52032
     -1.48829 3.31244
     -1.47829 3.09883
     -1.46829 2.91111
     -1.45829 2.77014
     -1.44829 2.69823
     -1.43829 2.70397
     -1.42829 2.76611
     -1.41829 2.84378
     -1.40829 2.90279
     -1.39829 2.93313
     -1.38829 2.94747
     -1.37829 2.96339
     -1.36829 2.98095
     -1.35829 2.97852
     -1.34829 2.93760
     -1.33829 2.86898
     -1.32829 2.80808
     -1.31829 2.78649
     -1.30829 2.81136
     -1.29829 2.86814
     -1.28829 2.93787
     -1.27829 3.01088
     -1.26829 3.08412
     -1.25829 3.14709
     -1.24829 3.17879
     -1.23829 3.16872
     -1.22829 3.14221
     -1.21829 3.15749
     -1.20829 3.27011
     -1.19829 3.49492
     -1.18829 3.79155
     -1.17829 4.07564
     -1.16829 4.25234
     -1.15829 4.26584
     -1.14829 4.13571
     -1.13829 3.94715
     -1.12829 3.80123
     -1.11829 3.76351
     -1.10829 3.84075
     -1.09829 3.99152
     -1.08829 4.15377
     -1.07829 4.26330
     -1.06829 4.26421
     -1.05829 4.13345
     -1.04829 3.90535
     -1.03829 3.65289
     -1.02829 3.43292
     -1.01829 3.25455
     -1.00829 3.09769
     -0.99829 2.95398
     -0.98829 2.85196
     -0.97829 2.84544
     -0.96829 2.97269
     -0.95829 3.22427
     -0.94829 3.54497
     -0.93829 3.85660
     -0.92829 4.08318
     -0.91829 4.17811
     -0.90829 4.14627
     -0.89829 4.04502
     -0.88829 3.96133
     -0.87829 3.97504
     -0.86829 4.11772
     -0.85829 4.34625
     -0.84829 4.56052
     -0.83829 4.66733
     -0.82829 4.64264
     -0.81829 4.53713
     -0.80829 4.42334
     -0.79829 4.33752
     -0.78829 4.26810
     -0.77829 4.19146
     -0.76829 4.10727
     -0.75829 4.03128
     -0.74829 3.96514
     -0.73829 3.89777
     -0.72829 3.83490
     -0.71829 3.79459
     -0.70829 3.76753
     -0.69829 3.71487
     -0.68829 3.61927
     -0.67829 3.51444
     -0.66829 3.44999
     -0.65829 3.44101
     -0.64829 3.46018
     -0.63829 3.46721
     -0.62829 3.43899
     -0.61829 3.38094
     -0.60829 3.31659
     -0.59829 3.26708
     -0.58829 3.24279
     -0.57829 3.24810
     -0.56829 3.27776
     -0.55829 3.30816
     -0.54829 3.30783
     -0.53829 3.26015
     -0.52829 3.17205
     -0.51829 3.07116
     -0.50829 2.99997
     -0.49829 2.99329
     -0.48829 3.04594
     -0.47829 3.11210
     -0.46829 3.14194
     -0.45829 3.10872
     -0.44829 3.00886
     -0.43829 2.86444
     -0.42829 2.72813
     -0.41829 2.65808
     -0.40829 2.67421
     -0.39829 2.74488
     -0.38829 2.81386
     -0.37829 2.83310
     -0.36829 2.78170
     -0.35829 2.67476
     -0.34829 2.55748
     -0.33829 2.47743
     -0.32829 2.45511
     -0.31829 2.47989
     -0.30829 2.52831
     -0.29829 2.58149
     -0.28829 2.62901
     -0.27829 2.66138
     -0.26829 2.65928
     -0.25829 2.59224
     -0.24829 2.43282
     -0.23829 2.17617
     -0.22829 1.85044
     -0.21829 1.51153
     -0.20829 1.22206
     -0.19829 1.02314
     -0.18829 0.91515
     -0.17829 0.86129
     -0.16829 0.81262
     -0.15829 0.73858
     -0.14829 0.64110
     -0.13829 0.54393
     -0.12829 0.47025
     -0.11829 0.42751
     -0.10829 0.40716
     -0.09829 0.39416
     -0.08829 0.37768
     -0.07829 0.35633
     -0.06829 0.33568
     -0.05829 0.32113
     -0.04829 0.31229
     -0.03829 0.30293
     -0.02829 0.28493
     -0.01829 0.25247
     -0.00829 0.20505
     0.00171 0.14875
     0.01171 0.09418
     0.02171 0.05104
     0.03171 0.02331
     0.04171 0.00887
     0.05171 0.00279
     0.06171 0.00072
     0.07171 0.00015
     0.08171 0.00003
     0.09171 0.00000
     0.10171 0.00000
     0.11171 0.00000
     0.12171 0.00000
     0.13171 0.00000
     0.14171 0.00000
     0.15171 0.00000
     0.16171 0.00000
     0.17171 0.00000
     0.18171 0.00000
     0.19171 0.00000
     0.20171 0.00000
     0.21171 0.00000
     0.22171 0.00000
     0.23171 0.00000
     0.24171 0.00000
     0.25171 0.00000
     0.26171 0.00000
     0.27171 0.00000
     0.28171 0.00000
     0.29171 0.00000
     0.30171 0.00000
     0.31171 0.00000
     0.32171 0.00000
     0.33171 0.00000
     0.34171 0.00000
     0.35171 0.00000
     0.36171 0.00000
     0.37171 0.00000
     0.38171 0.00000
     0.39171 0.00000
     0.40171 0.00000
     0.41171 0.00000
     0.42171 0.00000
     0.43171 0.00000
     0.44171 0.00000
     0.45171 0.00000
     0.46171 0.00000
     0.47171 0.00000
     0.48171 0.00000
     0.49171 0.00000
     0.50171 0.00000
     0.51171 0.00000
     0.52171 0.00000
     0.53171 0.00000
     0.54171 0.00000
     0.55171 0.00000
     0.56171 0.00000
     0.57171 0.00000
     0.58171 0.00000
     0.59171 0.00000
     0.60171 0.00000
     0.61171 0.00000
     0.62171 0.00000
     0.63171 0.00000
     0.64171 0.00000
     0.65171 0.00000
     0.66171 0.00000
     0.67171 0.00000
     0.68171 0.00000
     0.69171 0.00000
     0.70171 0.00000
     0.71171 0.00000
     0.72171 0.00000
     0.73171 0.00000
     0.74171 0.00000
     0.75171 0.00000
     0.76171 0.00000
     0.77171 0.00000
     0.78171 0.00000
     0.79171 0.00000
     0.80171 0.00000
     0.81171 0.00000
     0.82171 0.00000
     0.83171 0.00000
     0.84171 0.00000
     0.85171 0.00000
     0.86171 0.00000
     0.87171 0.00000
     0.88171 0.00000
     0.89171 0.00000
     0.90171 0.00000
     0.91171 0.00000
     0.92171 0.00000
     0.93171 0.00000
     0.94171 0.00000
     0.95171 0.00000
     0.96171 0.00000
     0.97171 0.00000
     0.98171 0.00000
     0.99171 0.00000
     1.00171 0.00000
     1.01171 0.00000
     1.02171 0.00000
     1.03171 0.00000
     1.04171 0.00000
     1.05171 0.00000
     1.06171 0.00000
     1.07171 0.00000
     1.08171 0.00000
     1.09171 0.00000
     1.10171 0.00000
     1.11171 0.00000
     1.12171 0.00000
     1.13171 0.00000
     1.14171 0.00000
     1.15171 0.00000
     1.16171 0.00000
     1.17171 0.00000
     1.18171 0.00000
     1.19171 0.00000
     1.20171 0.00000
     1.21171 0.00000
     1.22171 0.00000
     1.23171 0.00000
     1.24171 0.00000
     1.25171 0.00000
     1.26171 0.00000
     1.27171 0.00000
     1.28171 0.00000
     1.29171 0.00000
     1.30171 0.00000
     1.31171 0.00000
     1.32171 0.00000
     1.33171 0.00000
     1.34171 0.00000
     1.35171 0.00000
     1.36171 0.00000
     1.37171 0.00000
     1.38171 0.00000
     1.39171 0.00000
     1.40171 0.00000
     1.41171 0.00000
     1.42171 0.00000
     1.43171 0.00000
     1.44171 0.00000
     1.45171 0.00000
     1.46171 0.00000
     1.47171 0.00000
     1.48171 0.00000
     1.49171 0.00000
     1.50171 0.00000
     1.51171 0.00000
     1.52171 0.00000
     1.53171 0.00000
     1.54171 0.00000
     1.55171 0.00000
     1.56171 0.00000
     1.57171 0.00000
     1.58171 0.00000
     1.59171 0.00000
     1.60171 0.00000
     1.61171 0.00000
     1.62171 0.00000
     1.63171 0.00000
     1.64171 0.00000
     1.65171 0.00001
     1.66171 0.00007
     1.67171 0.00044
     1.68171 0.00225
     1.69171 0.00927
     1.70171 0.03126
     1.71171 0.08687
     1.72171 0.20072
     1.73171 0.39066
     1.74171 0.65139
     1.75171 0.95103
     1.76171 1.24923
     1.77171 1.52453
     1.78171 1.78680
     1.79171 2.06180
     1.80171 2.35858
     1.81171 2.65092
     1.82171 2.89574
     1.83171 3.07240
     1.84171 3.19917
     1.85171 3.30891
     1.86171 3.41550
     1.87171 3.50891
     1.88171 3.57719
     1.89171 3.62771
     1.90171 3.68808
     1.91171 3.78487
     1.92171 3.91882
     1.93171 4.06576
     1.94171 4.20654
     1.95171 4.35124
     1.96171 4.52955
     1.97171 4.76123
     1.98171 5.03850
     1.99171 5.32723
     2.00171 5.57407
     2.01171 5.72221
     2.02171 5.74396
     2.03171 5.66688
     2.04171 5.55960
     2.05171 5.48628
     2.06171 5.47291
     2.07171 5.51116
     2.08171 5.58643
     2.09171 5.69757
     2.10171 5.84663
     2.11171 6.01090
     2.12171 6.13349
     2.13171 6.15247
     2.14171 6.04819
     2.15171 5.86429
     2.16171 5.67567
     2.17171 5.52904
     2.18171 5.41878
     2.19171 5.32498
     2.20171 5.26104
     2.21171 5.26600
     2.22171 5.35780
     2.23171 5.51900
     2.24171 5.72916
     2.25171 5.98468
     2.26171 6.27233
     2.27171 6.53410
     2.28171 6.67102
     2.29171 6.59006
     2.30171 6.26153
     2.31171 5.74700
     2.32171 5.17808
     2.33171 4.70524
     2.34171 4.45260
     2.35171 4.48926
     2.36171 4.80604
     2.37171 5.30613
     2.38171 5.83950
     2.39171 6.27522
     2.40171 6.55138
     2.41171 6.66131
     2.42171 6.61682
     2.43171 6.45262
     2.44171 6.25552
     2.45171 6.14556
     2.46171 6.20374
     2.47171 6.42667
     2.48171 6.75012
     2.49171 7.09299
     2.50171 7.37572
     2.51171 7.52904
     2.52171 7.51801
     2.53171 7.36772
     2.54171 7.15888
     2.55171 6.98305
     2.56171 6.88408
     2.57171 6.83495
     2.58171 6.77463
     2.59171 6.67036
     2.60171 6.54077
     2.61171 6.42032
     2.62171 6.31694
     2.63171 6.21728
     2.64171 6.12250
     2.65171 6.05875
     2.66171 6.04896
     2.67171 6.08289
     2.68171 6.11839
     2.69171 6.11063
     2.70171 6.04448
     2.71171 5.94703
     2.72171 5.86722
     2.73171 5.82772
     2.74171 5.79376
     2.75171 5.70536
     2.76171 5.54707
     2.77171 5.37523
     2.78171 5.26935
     2.79171 5.25874
     2.80171 5.29878
     2.81171 5.32023
     2.82171 5.30326
     2.83171 5.30209
     2.84171 5.39001
     2.85171 5.57091
     2.86171 5.74740
     2.87171 5.79588
     2.88171 5.68828
     2.89171 5.53527
     2.90171 5.50212
     2.91171 5.68142
     2.92171 6.03407
     2.93171 6.42164
     2.94171 6.67969
     2.95171 6.68684
     2.96171 6.41545
     2.97171 5.94926
     2.98171 5.44298
     2.99171 5.02835
     3.00171 4.73382
     3.01171 4.49656
     3.02171 4.25556
     3.03171 4.02254
     3.04171 3.85881
     3.05171 3.79648
     3.06171 3.79286
     3.07171 3.76225
     3.08171 3.65181
     3.09171 3.48681
     3.10171 3.34354
     3.11171 3.28170
     3.12171 3.29866
     3.13171 3.33653
     3.14171 3.32907
     3.15171 3.24800
     3.16171 3.11190
     3.17171 2.96128
     3.18171 2.83370
     3.19171 2.75586
     3.20171 2.74184
     3.21171 2.78918
     3.22171 2.87692
     3.23171 2.96876
     3.24171 3.02396
     3.25171 3.02029
     3.26171 2.97405
     3.27171 2.92671
     3.28171 2.90203
     3.29171 2.88111
     3.30171 2.82411
     3.31171 2.71269
     3.32171 2.57403
     3.33171 2.47101
     3.34171 2.46235
     3.35171 2.55460
     3.36171 2.68761
     3.37171 2.77407
     3.38171 2.76110
     3.39171 2.66333
     3.40171 2.54576
     3.41171 2.47079
     3.42171 2.44897
     3.43171 2.43430
     3.44171 2.36822
     3.45171 2.23319
     3.46171 2.07196
     3.47171 1.95978
     3.48171 1.95227
     3.49171 2.04806
     3.50171 2.19221
     3.51171 2.31390
     3.52171 2.36933
     3.53171 2.36201
     3.54171 2.32646
     3.55171 2.28822
     3.56171 2.24013
     3.57171 2.16086
     3.58171 2.05024
     3.59171 1.93724
     3.60171 1.85789
     3.61171 1.83333
     3.62171 1.86102
     3.63171 1.91584
     3.64171 1.96457
     3.65171 1.98937
     3.66171 1.99985
     3.67171 2.02236
     3.68171 2.07450
     3.69171 2.14347
     3.70171 2.18928
     3.71171 2.17530
     3.72171 2.09994
     3.73171 2.00324
     3.74171 1.94716
     3.75171 1.98492
     3.76171 2.13351
     3.77171 2.35917
     3.78171 2.58768
     3.79171 2.74116
     3.80171 2.77753
     3.81171 2.70315
     3.82171 2.55513
     3.83171 2.37406
     3.84171 2.18829
     3.85171 2.01500
     3.86171 1.86804
     3.87171 1.75932
     3.88171 1.69111
     3.89171 1.64861
     3.90171 1.60352
     3.91171 1.53086
     3.92171 1.43031
     3.93171 1.33299
     3.94171 1.28081
     3.95171 1.29312
     3.96171 1.35232
     3.97171 1.42175
     3.98171 1.47790
     3.99171 1.52831
     4.00171 1.60212
     4.01171 1.72325
     4.02171 1.89005
     4.03171 2.07831
     4.04171 2.26121
     4.05171 2.42557
     4.06171 2.57384
     4.07171 2.71885
     4.08171 2.87985
     4.09171 3.07733
     4.10171 3.32432
     4.11171 3.62405
     4.12171 3.98042
     4.13171 4.40642
     4.14171 4.90943
     4.15171 5.45670
     4.16171 5.95507
     4.17171 6.27916
     4.18171 6.33990
     4.19171 6.14027
     4.20171 5.76914
     4.21171 5.33786
     4.22171 4.91480
     4.23171 4.50968
     4.24171 4.10742
     4.25171 3.70751
     4.26171 3.33293
     4.27171 3.01405
     4.28171 2.77267
     4.29171 2.61556
     4.30171 2.53173
     4.31171 2.49286
     4.32171 2.46248
     4.33171 2.41345
     4.34171 2.34126
     4.35171 2.26220
     4.36171 2.20069
     4.37171 2.17681
     4.38171 2.19381
     4.39171 2.22417
     4.40171 2.21340
     4.41171 2.12018
     4.42171 1.96515
     4.43171 1.82881
     4.44171 1.78386
     4.45171 1.82436
     4.46171 1.86723
     4.47171 1.83060
     4.48171 1.71149
     4.49171 1.58392
     4.50171 1.52359
     4.51171 1.53905
     4.52171 1.57200
     4.53171 1.55844
     4.54171 1.48832
     4.55171 1.40634
     4.56171 1.35824
     4.57171 1.34433
     4.58171 1.32775
     4.59171 1.27893
     4.60171 1.20551
     4.61171 1.14310
     4.62171 1.12253
     4.63171 1.14396
     4.64171 1.17715
     4.65171 1.18663
     4.66171 1.15970
     4.67171 1.11156
     4.68171 1.06521
     4.69171 1.03071
     4.70171 1.00330
     4.71171 0.97432
     4.72171 0.94259
     4.73171 0.92000
     4.74171 0.92324
     4.75171 0.95301
     4.76171 0.98411
     4.77171 0.98427
     4.78171 0.94388
     4.79171 0.88374
     4.80171 0.83463
     4.81171 0.81352
     4.82171 0.81777
     4.83171 0.83338
     4.84171 0.84284
     4.85171 0.82898
     4.86171 0.78077
     4.87171 0.70123
     4.88171 0.60849
     4.89171 0.52535
     4.90171 0.46569
     4.91171 0.42875
     4.92171 0.40435
     4.93171 0.38231
     4.94171 0.35626
     4.95171 0.32075
     4.96171 0.27057
     4.97171 0.20624
     4.98171 0.13755
     4.99171 0.07840
     5.00171 0.03758
     5.01171 0.01498
     5.02171 0.00493
     5.03171 0.00133
     5.04171 0.00029
     5.05171 0.00005
     5.06171 0.00001
     5.07171 0.00000
     5.08171 0.00000
     5.09171 0.00000
     5.10171 0.00000
     5.11171 0.00000
     5.12171 0.00000
     5.13171 0.00000
     5.14171 0.00000
     5.15171 0.00000
     5.16171 0.00000
     5.17171 0.00000
     5.18171 0.00000
     5.19171 0.00000
     5.20171 0.00000
     5.21171 0.00000
     5.22171 0.00000
     5.23171 0.00000
     5.24171 0.00000
     5.25171 0.00000
     5.26171 0.00000
     5.27171 0.00000
     5.28171 0.00000
     5.29171 0.00000
     5.30171 0.00000
     5.31171 0.00000
     5.32171 0.00000
     5.33171 0.00000
     5.34171 0.00000
     5.35171 0.00000
     5.36171 0.00000
     5.37171 0.00000
     5.38171 0.00000
     5.39171 0.00000
     5.40171 0.00000
     5.41171 0.00000
     5.42171 0.00000
     5.43171 0.00000
     5.44171 0.00000
     5.45171 0.00000
     5.46171 0.00000
     5.47171 0.00000
     5.48171 0.00000
     5.49171 0.00000
     5.50171 0.00000
     5.51171 0.00000
     5.52171 0.00000
     5.53171 0.00000
     5.54171 0.00000
     5.55171 0.00000
     5.56171 0.00000
     5.57171 0.00000
     5.58171 0.00000
     5.59171 0.00000
     5.60171 0.00000
     5.61171 0.00000
     5.62171 0.00000
     5.63171 0.00000
     5.64171 0.00000
     5.65171 0.00000
     5.66171 0.00000
     5.67171 0.00000
     5.68171 0.00000
     5.69171 0.00000
     5.70171 0.00000
     5.71171 0.00000
     5.72171 0.00000
     5.73171 0.00000
     5.74171 0.00000
     5.75171 0.00000
     5.76171 0.00000
     5.77171 0.00000
     5.78171 0.00000
     5.79171 0.00000
     5.80171 0.00000
     5.81171 0.00000
     5.82171 0.00000
     5.83171 0.00000
     5.84171 0.00000
     5.85171 0.00000
     5.86171 0.00000
     5.87171 0.00000
     5.88171 0.00000
     5.89171 0.00000
     5.90171 0.00000
     5.91171 0.00000
     5.92171 0.00000
     5.93171 0.00000
     5.94171 0.00000
     5.95171 0.00000
     5.96171 0.00000
     5.97171 0.00000
     5.98171 0.00000
     5.99171 0.00000
     6.00171 0.00000
     6.01171 0.00000
     6.02171 0.00000
     6.03171 0.00001
     6.04171 0.00008
     6.05171 0.00047
     6.06171 0.00225
     6.07171 0.00863
     6.08171 0.02690
     6.09171 0.06848
     6.10171 0.14346
     6.11171 0.25044
     6.12171 0.37102
     6.13171 0.47894
     6.14171 0.55850
     6.15171 0.61376
     6.16171 0.65839
     6.17171 0.69772
     6.18171 0.72348
     6.19171 0.72638
     6.20171 0.70853
     6.21171 0.68041
     6.22171 0.65153
     6.23171 0.63035
     6.24171 0.62951
     6.25171 0.66204
     6.26171 0.72683
     6.27171 0.79909
     6.28171 0.84187
     6.29171 0.83445
     6.30171 0.79116
     6.31171 0.74999
     6.32171 0.74108
     6.33171 0.76291
     6.34171 0.78512
     6.35171 0.77761
     6.36171 0.74403
     6.37171 0.72690
     6.38171 0.77382
     6.39171 0.89412
     6.40171 1.04482
     6.41171 1.15676
     6.42171 1.17938
     6.43171 1.11065
     6.44171 0.99231
     6.45171 0.88067
     6.46171 0.81770
     6.47171 0.81459
     6.48171 0.85038
     6.49171 0.88899
     6.50171 0.90604
     6.51171 0.90264
     6.52171 0.89713
     6.53171 0.90826
     6.54171 0.94448
     6.55171 1.00342
     6.56171 1.07587
     6.57171 1.14583
     6.58171 1.18776
     6.59171 1.17570
     6.60171 1.10598
     6.61171 1.00887
     6.62171 0.93132
     6.63171 0.90765
     6.64171 0.94299
     6.65171 1.01181
     6.66171 1.06790
     6.67171 1.07041
     6.68171 1.01527
     6.69171 0.94124
     6.70171 0.89883
     6.71171 0.91228
     6.72171 0.97022
     6.73171 1.04636
     6.74171 1.12350
     6.75171 1.19767
     6.76171 1.26292
     6.77171 1.29899
