    -2.82464 27.29039
    -2.81464 29.57880
    -2.80464 31.82323
    -2.79464 33.08512
    -2.78464 32.76945
    -2.77464 31.07842
    -2.76464 28.67715
    -2.75464 26.03595
    -2.74464 23.32534
    -2.73464 20.86803
    -2.72464 19.31140
    -2.71464 19.21040
    -2.70464 20.70106
    -2.69464 23.79406
    -2.68464 28.69260
    -2.67464 35.22632
    -2.66464 41.87005
    -2.65464 46.00690
    -2.64464 45.81126
    -2.63464 41.77059
    -2.62464 36.07225
    -2.61464 30.76508
    -2.60464 26.79608
    -2.59464 24.36935
    -2.58464 23.55205
    -2.57464 24.45887
    -2.56464 27.14463
    -2.55464 31.37467
    -2.54464 36.41157
    -2.53464 41.10384
    -2.52464 44.34641
    -2.51464 45.58870
    -2.50464 45.06289
    -2.49464 43.61756
    -2.48464 42.17142
    -2.47464 41.09848
    -2.46464 40.17938
    -2.45464 39.33781
    -2.44464 39.38905
    -2.43464 41.75906
    -2.42464 47.14146
    -2.41464 54.37842
    -2.40464 60.98230
    -2.39464 65.05330
    -2.38464 66.53406
    -2.37464 66.42906
    -2.36464 65.33412
    -2.35464 63.55612
    -2.34464 62.73164
    -2.33464 66.44767
    -2.32464 78.21641
    -2.31464 98.21110
    -2.30464 121.90431
    -2.29464 142.27672
    -2.28464 153.92517
    -2.27464 155.61731
    -2.26464 149.66742
    -2.25464 139.73900
    -2.24464 129.37584
    -2.23464 121.47041
    -2.22464 117.55672
    -2.21464 116.96101
    -2.20464 117.07444
    -2.19464 115.19719
    -2.18464 110.58571
    -2.17464 104.81558
    -2.16464 100.08922
    -2.15464 97.14623
    -2.14464 94.90944
    -2.13464 92.17924
    -2.12464 89.23377
    -2.11464 87.30868
    -2.10464 86.82005
    -2.09464 86.71898
    -2.08464 85.52683
    -2.07464 82.55585
    -2.06464 78.16880
    -2.05464 73.32232
    -2.04464 69.07870
    -2.03464 66.31664
    -2.02464 65.54627
    -2.01464 66.76425
    -2.00464 69.34348
    -1.99464 72.10741
    -1.98464 73.79042
    -1.97464 73.59379
    -1.96464 71.31274
    -1.95464 67.23069
    -1.94464 62.29471
    -1.93464 58.19024
    -1.92464 56.57043
    -1.91464 57.83267
    -1.90464 60.73485
    -1.89464 63.40490
    -1.88464 64.79967
    -1.87464 65.15814
    -1.86464 65.13676
    -1.85464 64.82347
    -1.84464 63.82093
    -1.83464 62.07236
    -1.82464 60.14457
    -1.81464 58.62988
    -1.80464 57.64036
    -1.79464 56.99896
    -1.78464 56.59352
    -1.77464 56.37257
    -1.76464 56.19294
    -1.75464 55.84830
    -1.74464 55.21719
    -1.73464 54.33117
    -1.72464 53.35480
    -1.71464 52.53696
    -1.70464 52.10134
    -1.69464 52.12835
    -1.68464 52.52730
    -1.67464 53.03052
    -1.66464 53.23173
    -1.65464 52.87315
    -1.64464 52.23899
    -1.63464 52.13271
    -1.62464 53.25935
    -1.61464 55.54305
    -1.60464 58.07436
    -1.59464 59.71018
    -1.58464 59.71449
    -1.57464 58.04569
    -1.56464 55.33904
    -1.55464 52.67181
    -1.54464 51.25257
    -1.53464 52.11864
    -1.52464 55.53740
    -1.51464 60.23287
    -1.50464 63.71541
    -1.49464 64.29053
    -1.48464 62.76313
    -1.47464 61.67134
    -1.46464 63.04694
    -1.45464 67.27360
    -1.44464 73.45803
    -1.43464 79.96972
    -1.42464 84.84185
    -1.41464 86.69207
    -1.40464 85.72983
    -1.39464 83.48926
    -1.38464 81.29556
    -1.37464 79.29664
    -1.36464 77.11475
    -1.35464 74.83744
    -1.34464 72.91904
    -1.33464 71.55440
    -1.32464 70.62120
    -1.31464 69.82095
    -1.30464 68.31118
    -1.29464 64.60848
    -1.28464 57.76137
    -1.27464 48.76549
    -1.26464 40.26560
    -1.25464 34.57315
    -1.24464 32.06617
    -1.23464 31.43385
    -1.22464 31.15131
    -1.21464 30.59352
    -1.20464 30.02957
    -1.19464 30.02508
    -1.18464 31.01567
    -1.17464 33.12735
    -1.16464 36.01201
    -1.15464 38.84520
    -1.14464 40.72060
    -1.13464 41.16804
    -1.12464 40.30287
    -1.11464 38.60291
    -1.10464 36.69960
    -1.09464 35.24068
    -1.08464 34.56688
    -1.07464 34.38345
    -1.06464 33.99046
    -1.05464 33.03219
    -1.04464 31.94497
    -1.03464 31.56586
    -1.02464 32.31909
    -1.01464 33.76391
    -1.00464 34.85019
    -0.99464 34.66844
    -0.98464 33.15945
    -0.97464 31.18314
    -0.96464 29.79061
    -0.95464 29.40342
    -0.94464 29.75536
    -0.93464 30.40979
    -0.92464 30.99731
    -0.91464 31.09710
    -0.90464 30.39610
    -0.89464 29.10908
    -0.88464 27.94364
    -0.87464 27.48818
    -0.86464 27.74541
    -0.85464 28.25751
    -0.84464 28.50651
    -0.83464 28.20828
    -0.82464 27.44951
    -0.81464 26.63696
    -0.80464 26.22285
    -0.79464 26.38533
    -0.78464 26.88341
    -0.77464 27.16991
    -0.76464 26.77515
    -0.75464 25.72652
    -0.74464 24.53224
    -0.73464 23.69849
    -0.72464 23.38213
    -0.71464 23.49098
    -0.70464 23.82277
    -0.69464 24.00023
    -0.68464 23.59495
    -0.67464 22.55401
    -0.66464 21.31709
    -0.65464 20.35252
    -0.64464 19.75666
    -0.63464 19.41747
    -0.62464 19.33720
    -0.61464 19.57186
    -0.60464 19.95682
    -0.59464 20.13835
    -0.58464 19.94367
    -0.57464 19.59384
    -0.56464 19.47087
    -0.55464 19.73771
    -0.54464 20.21965
    -0.53464 20.54509
    -0.52464 20.28716
    -0.51464 19.04592
    -0.50464 16.63061
    -0.49464 13.31546
    -0.48464 9.84238
    -0.47464 7.01696
    -0.46464 5.23996
    -0.45464 4.40052
    -0.44464 4.12353
    -0.43464 4.05252
    -0.42464 3.97390
    -0.41464 3.81613
    -0.40464 3.60437
    -0.39464 3.39927
    -0.38464 3.23623
    -0.37464 3.09410
    -0.36464 2.90577
    -0.35464 2.59777
    -0.34464 2.13982
    -0.33464 1.57725
    -0.32464 1.01565
    -0.31464 0.56066
    -0.30464 0.26146
    -0.29464 0.10184
    -0.28464 0.03284
    -0.27464 0.00871
    -0.26464 0.00189
    -0.25464 0.00033
    -0.24464 0.00005
    -0.23464 0.00001
    -0.22464 0.00000
    -0.21464 0.00000
    -0.20464 0.00000
    -0.19464 0.00000
    -0.18464 0.00000
    -0.17464 0.00000
    -0.16464 0.00000
    -0.15464 0.00000
    -0.14464 0.00000
    -0.13464 0.00000
    -0.12464 0.00000
    -0.11464 0.00000
    -0.10464 0.00000
    -0.09464 0.00000
    -0.08464 0.00000
    -0.07464 0.00000
    -0.06464 0.00000
    -0.05464 0.00000
    -0.04464 0.00000
    -0.03464 0.00000
    -0.02464 0.00000
    -0.01464 0.00000
    -0.00464 0.00000
    0.00536 0.00000
    0.01536 0.00000
    0.02536 0.00000
    0.03536 0.00000
    0.04536 0.00000
    0.05536 0.00000
    0.06536 0.00000
    0.07536 0.00000
    0.08536 0.00000
    0.09536 0.00000
    0.10536 0.00000
    0.11536 0.00000
    0.12536 0.00000
    0.13536 0.00000
    0.14536 0.00000
    0.15536 0.00000
    0.16536 0.00000
    0.17536 0.00000
    0.18536 0.00000
    0.19536 0.00000
    0.20536 0.00000
    0.21536 0.00000
    0.22536 0.00000
    0.23536 0.00000
    0.24536 0.00000
    0.25536 0.00000
    0.26536 0.00000
    0.27536 0.00000
    0.28536 0.00000
    0.29536 0.00000
    0.30536 0.00000
    0.31536 0.00000
    0.32536 0.00000
    0.33536 0.00000
    0.34536 0.00000
    0.35536 0.00000
    0.36536 0.00000
    0.37536 0.00000
    0.38536 0.00000
    0.39536 0.00000
    0.40536 0.00000
    0.41536 0.00000
    0.42536 0.00000
    0.43536 0.00000
    0.44536 0.00000
    0.45536 0.00000
    0.46536 0.00000
    0.47536 0.00000
    0.48536 0.00000
    0.49536 0.00000
    0.50536 0.00000
    0.51536 0.00000
    0.52536 0.00000
    0.53536 0.00000
    0.54536 0.00000
    0.55536 0.00000
    0.56536 0.00000
    0.57536 0.00000
    0.58536 0.00000
    0.59536 0.00000
    0.60536 0.00000
    0.61536 0.00000
    0.62536 0.00000
    0.63536 0.00000
    0.64536 0.00000
    0.65536 0.00000
    0.66536 0.00000
    0.67536 0.00000
    0.68536 0.00000
    0.69536 0.00000
    0.70536 0.00000
    0.71536 0.00000
    0.72536 0.00000
    0.73536 0.00000
    0.74536 0.00000
    0.75536 0.00000
    0.76536 0.00000
    0.77536 0.00000
    0.78536 0.00000
    0.79536 0.00000
    0.80536 0.00000
    0.81536 0.00000
    0.82536 0.00000
    0.83536 0.00000
    0.84536 0.00000
    0.85536 0.00000
    0.86536 0.00000
    0.87536 0.00000
    0.88536 0.00000
    0.89536 0.00000
    0.90536 0.00000
    0.91536 0.00000
    0.92536 0.00000
    0.93536 0.00000
    0.94536 0.00000
    0.95536 0.00000
    0.96536 0.00000
    0.97536 0.00000
    0.98536 0.00000
    0.99536 0.00000
    1.00536 0.00000
    1.01536 0.00000
    1.02536 0.00000
    1.03536 0.00000
    1.04536 0.00000
    1.05536 0.00000
    1.06536 0.00000
    1.07536 0.00000
    1.08536 0.00000
    1.09536 0.00000
    1.10536 0.00000
    1.11536 0.00000
    1.12536 0.00000
    1.13536 0.00000
    1.14536 0.00000
    1.15536 0.00000
    1.16536 0.00000
    1.17536 0.00000
    1.18536 0.00000
    1.19536 0.00000
    1.20536 0.00000
    1.21536 0.00000
    1.22536 0.00000
    1.23536 0.00000
    1.24536 0.00000
    1.25536 0.00000
    1.26536 0.00000
    1.27536 0.00000
    1.28536 0.00000
    1.29536 0.00000
    1.30536 0.00000
    1.31536 0.00000
    1.32536 0.00000
    1.33536 0.00000
    1.34536 0.00000
    1.35536 0.00000
    1.36536 0.00000
    1.37536 0.00000
    1.38536 0.00000
    1.39536 0.00000
    1.40536 0.00002
    1.41536 0.00016
    1.42536 0.00118
    1.43536 0.00729
    1.44536 0.03698
    1.45536 0.15512
    1.46536 0.53882
    1.47536 1.55477
    1.48536 3.74469
    1.49536 7.58149
    1.50536 13.03270
    1.51536 19.29148
    1.52536 25.07898
    1.53536 29.41900
    1.54536 32.21551
    1.55536 34.06828
    1.56536 35.53559
    1.57536 36.65055
    1.58536 37.18214
    1.59536 37.22465
    1.60536 37.34292
    1.61536 38.13047
    1.62536 39.70650
    1.63536 41.61766
    1.64536 43.20454
    1.65536 44.12358
    1.66536 44.51558
    1.67536 44.76799
    1.68536 45.42741
    1.69536 47.28360
    1.70536 50.89490
    1.71536 55.73455
    1.72536 60.26434
    1.73536 63.14085
    1.74536 64.04924
    1.75536 63.35125
    1.76536 61.58105
    1.77536 59.56363
    1.78536 58.31302
    1.79536 58.14637
    1.80536 58.19744
    1.81536 57.39842
    1.82536 55.88296
    1.83536 54.95296
    1.84536 55.54733
    1.85536 57.05724
    1.86536 57.87318
    1.87536 56.93018
    1.88536 54.46805
    1.89536 51.43498
    1.90536 48.56332
    1.91536 46.08003
    1.92536 43.94715
    1.93536 42.14252
    1.94536 40.78889
    1.95536 40.08568
    1.96536 40.05268
    1.97536 40.37673
    1.98536 40.68113
    1.99536 40.96546
    2.00536 41.57636
    2.01536 42.62147
    2.02536 43.54892
    2.03536 43.50297
    2.04536 42.12762
    2.05536 39.95139
    2.06536 38.00108
    2.07536 37.13671
    2.08536 37.73124
    2.09536 39.77813
    2.10536 43.16997
    2.11536 47.96395
    2.12536 54.41567
    2.13536 62.51142
    2.14536 71.25381
    2.15536 78.61001
    2.16536 82.59378
    2.17536 82.61696
    2.18536 79.81627
    2.19536 76.20378
    2.20536 73.60766
    2.21536 73.08941
    2.22536 74.67122
    2.23536 77.22602
    2.24536 78.94693
    2.25536 78.49653
    2.26536 75.92370
    2.27536 72.45678
    2.28536 69.47365
    2.29536 67.61112
    2.30536 66.56171
    2.31536 65.48627
    2.32536 63.64096
    2.33536 60.85942
    2.34536 57.71230
    2.35536 55.14736
    2.36536 53.67738
    2.37536 52.90414
    2.38536 52.08254
    2.39536 51.15093
    2.40536 50.92308
    2.41536 52.08821
    2.42536 54.12564
    2.43536 55.47480
    2.44536 54.94404
    2.45536 52.84244
    2.46536 50.59884
    2.47536 49.41550
    2.48536 49.40354
    2.49536 49.79434
    2.50536 49.78032
    2.51536 49.28105
    2.52536 49.05509
    2.53536 50.03252
    2.54536 52.46077
    2.55536 55.63533
    2.56536 58.42855
    2.57536 60.15218
    2.58536 60.96682
    2.59536 61.50257
    2.60536 62.27770
    2.61536 63.53928
    2.62536 65.32578
    2.63536 67.46474
    2.64536 69.75179
    2.65536 72.30176
    2.66536 75.45678
    2.67536 79.00641
    2.68536 81.52380
    2.69536 80.93331
    2.70536 76.17057
    2.71536 68.22491
    2.72536 59.41531
    2.73536 51.90476
    2.74536 46.90422
    2.75536 44.56869
    2.76536 44.08571
    2.77536 44.13665
    2.78536 43.77911
    2.79536 42.99312
    2.80536 42.31307
    2.81536 42.04263
    2.82536 41.95920
    2.83536 41.66242
    2.84536 40.95366
    2.85536 39.84380
    2.86536 38.40883
    2.87536 36.76142
    2.88536 35.11136
    2.89536 33.82552
    2.90536 33.36785
    2.91536 33.96176
    2.92536 35.16507
    2.93536 35.94041
    2.94536 35.44458
    2.95536 33.87287
    2.96536 32.43289
    2.97536 32.34351
    2.98536 33.74585
    2.99536 35.51562
    3.00536 36.15979
    3.01536 35.01620
    3.02536 32.68543
    3.03536 30.39709
    3.04536 29.07608
    3.05536 28.92546
    3.06536 29.54696
    3.07536 30.27388
    3.08536 30.59399
    3.09536 30.51372
    3.10536 30.57648
    3.11536 31.41577
    3.12536 33.05717
    3.13536 34.56123
    3.14536 34.62517
    3.15536 32.80942
    3.16536 30.05783
    3.17536 27.85670
    3.18536 26.98766
    3.19536 27.09990
    3.20536 27.24632
    3.21536 26.78126
    3.22536 25.97712
    3.23536 25.88035
    3.24536 27.40392
    3.25536 30.30753
    3.26536 32.93602
    3.27536 33.20260
    3.28536 30.30852
    3.29536 25.62551
    3.30536 21.65510
    3.31536 20.05094
    3.32536 20.66029
    3.33536 22.17041
    3.34536 23.34173
    3.35536 23.74391
    3.36536 23.74494
    3.37536 24.07834
    3.38536 25.32186
    3.39536 27.42649
    3.40536 29.53960
    3.41536 30.49815
    3.42536 29.77873
    3.43536 27.95347
    3.44536 26.15240
    3.45536 25.17889
    3.46536 25.12088
    3.47536 25.58068
    3.48536 26.20856
    3.49536 27.17824
    3.50536 29.11964
    3.51536 32.29201
    3.52536 35.75042
    3.53536 37.66279
    3.54536 36.74790
    3.55536 33.37962
    3.56536 29.19915
    3.57536 25.76061
    3.58536 23.65633
    3.59536 22.69725
    3.60536 22.44949
    3.61536 22.43615
    3.62536 22.18525
    3.63536 21.48769
    3.64536 20.59128
    3.65536 19.88826
    3.66536 19.39979
    3.67536 18.81898
    3.68536 18.12779
    3.69536 17.86985
    3.70536 18.57958
    3.71536 20.12038
    3.72536 21.82530
    3.73536 23.21151
    3.74536 24.43636
    3.75536 26.14498
    3.76536 28.87407
    3.77536 32.39189
    3.78536 35.61360
    3.79536 37.49562
    3.80536 38.18244
    3.81536 39.04038
    3.82536 41.38424
    3.83536 45.33973
    3.84536 50.12171
    3.85536 55.26074
    3.86536 61.23422
    3.87536 68.73613
    3.88536 77.35551
    3.89536 85.05266
    3.90536 89.13307
    3.91536 88.10048
    3.92536 82.79527
    3.93536 75.71199
    3.94536 69.18875
    3.95536 64.10574
    3.96536 59.82333
    3.97536 55.04988
    3.98536 49.07365
    3.99536 42.52976
    4.00536 36.95759
