    -2.56972 97.01110
    -2.55972 92.77801
    -2.54972 90.05301
    -2.53972 89.24783
    -2.52972 89.07656
    -2.51972 87.95650
    -2.50972 85.72262
    -2.49972 83.61531
    -2.48972 82.70607
    -2.47972 82.65740
    -2.46972 82.22689
    -2.45972 80.71293
    -2.44972 78.49064
    -2.43972 76.40072
    -2.42972 75.26042
    -2.41972 75.85222
    -2.40972 78.59629
    -2.39972 82.91474
    -2.38972 87.31552
    -2.37972 90.42954
    -2.36972 91.81379
    -2.35972 91.59892
    -2.34972 89.78939
    -2.33972 86.49275
    -2.32972 82.67388
    -2.31972 79.96761
    -2.30972 79.45210
    -2.29972 80.91338
    -2.28972 83.53306
    -2.27972 86.99211
    -2.26972 91.39292
    -2.25972 95.99538
    -2.24972 98.56601
    -2.23972 96.74599
    -2.22972 90.34172
    -2.21972 81.82748
    -2.20972 74.17000
    -2.19972 68.45976
    -2.18972 64.12094
    -2.17972 61.02224
    -2.16972 60.45799
    -2.15972 63.84134
    -2.14972 70.95766
    -2.13972 79.68061
    -2.12972 86.97809
    -2.11972 90.13167
    -2.10972 87.72050
    -2.09972 80.22470
    -2.08972 69.96352
    -2.07972 60.31960
    -2.06972 54.39141
    -2.05972 53.41304
    -2.04972 56.00613
    -2.03972 59.27081
    -2.02972 61.01136
    -2.01972 61.05830
    -2.00972 60.55537
    -1.99972 60.27314
    -1.98972 59.96474
    -1.97972 59.20803
    -1.96972 58.23009
    -1.95972 57.68255
    -1.94972 58.00824
    -1.93972 59.18608
    -1.92972 60.79939
    -1.91972 62.28200
    -1.90972 63.39349
    -1.89972 64.47330
    -1.88972 65.85749
    -1.87972 67.07414
    -1.86972 67.17534
    -1.85972 65.92140
    -1.84972 63.99902
    -1.83972 61.99667
    -1.82972 59.94887
    -1.81972 58.14061
    -1.80972 57.61136
    -1.79972 59.35166
    -1.78972 63.25053
    -1.77972 68.07908
    -1.76972 72.55614
    -1.75972 76.62624
    -1.74972 81.63826
    -1.73972 88.72485
    -1.72972 96.85814
    -1.71972 103.09692
    -1.70972 105.00559
    -1.69972 102.31333
    -1.68972 96.04450
    -1.67972 86.78855
    -1.66972 74.49676
    -1.65972 59.77010
    -1.64972 44.70046
    -1.63972 32.06977
    -1.62972 23.73208
    -1.61972 19.75790
    -1.60972 18.83557
    -1.59972 19.24246
    -1.58972 19.65999
    -1.57972 19.57420
    -1.56972 19.18705
    -1.55972 18.88103
    -1.54972 18.60971
    -1.53972 17.76438
    -1.52972 15.69113
    -1.51972 12.35977
    -1.50972 8.48799
    -1.49972 5.02294
    -1.48972 2.54609
    -1.47972 1.10056
    -1.46972 0.40346
    -1.45972 0.12452
    -1.44972 0.03208
    -1.43972 0.00684
    -1.42972 0.00120
    -1.41972 0.00017
    -1.40972 0.00002
    -1.39972 0.00000
    -1.38972 0.00000
    -1.37972 0.00000
    -1.36972 0.00000
    -1.35972 0.00000
    -1.34972 0.00004
    -1.33972 0.00031
    -1.32972 0.00211
    -1.31972 0.01147
    -1.30972 0.05038
    -1.29972 0.17959
    -1.28972 0.52185
    -1.27972 1.24438
    -1.26972 2.46066
    -1.25972 4.10030
    -1.24972 5.89667
    -1.23972 7.56181
    -1.22972 8.98270
    -1.21972 10.21529
    -1.20972 11.30560
    -1.19972 12.19473
    -1.18972 12.84397
    -1.17972 13.39849
    -1.16972 14.12804
    -1.15972 15.16570
    -1.14972 16.34679
    -1.13972 17.37465
    -1.12972 18.16424
    -1.11972 18.96503
    -1.10972 20.09867
    -1.09972 21.60387
    -1.08972 23.19830
    -1.07972 24.63339
    -1.06972 26.05174
    -1.05972 27.88209
    -1.04972 30.35215
    -1.03972 33.20316
    -1.02972 35.94327
    -1.01972 38.30509
    -1.00972 40.33476
    -0.99972 42.04850
    -0.98972 43.17503
    -0.97972 43.34115
    -0.96972 42.43388
    -0.95972 40.69905
    -0.94972 38.55706
    -0.93972 36.42203
    -0.92972 34.60953
    -0.91972 33.22907
    -0.90972 32.15290
    -0.89972 31.21541
    -0.88972 30.45879
    -0.87972 30.07394
    -0.86972 30.04398
    -0.85972 29.94848
    -0.84972 29.29467
    -0.83972 28.07139
    -0.82972 26.83505
    -0.81972 26.18450
    -0.80972 26.22014
    -0.79972 26.51203
    -0.78972 26.52330
    -0.77972 26.07592
    -0.76972 25.41865
    -0.75972 24.82716
    -0.74972 24.26849
    -0.73972 23.62010
    -0.72972 23.07690
    -0.71972 23.02412
    -0.70972 23.47841
    -0.69972 23.91060
    -0.68972 23.73934
    -0.67972 22.88410
    -0.66972 21.76319
    -0.65972 20.84800
    -0.64972 20.33273
    -0.63972 20.20969
    -0.62972 20.47583
    -0.61972 21.06406
    -0.60972 21.61004
    -0.59972 21.57100
    -0.58972 20.75062
    -0.57972 19.57848
    -0.56972 18.71358
    -0.55972 18.43384
    -0.54972 18.52420
    -0.53972 18.68646
    -0.52972 18.88086
    -0.51972 19.22230
    -0.50972 19.67781
    -0.49972 20.01546
    -0.48972 20.07031
    -0.47972 19.98670
    -0.46972 20.13567
    -0.45972 20.76311
    -0.44972 21.67512
    -0.43972 22.22806
    -0.42972 21.67357
    -0.41972 19.65545
    -0.40972 16.49872
    -0.39972 13.03165
    -0.38972 10.05587
    -0.37972 7.91097
    -0.36972 6.47173
    -0.35972 5.46468
    -0.34972 4.73338
    -0.33972 4.25731
    -0.32972 4.03053
    -0.31972 3.99269
    -0.30972 4.06401
    -0.29972 4.18436
    -0.28972 4.28934
    -0.27972 4.29176
    -0.26972 4.12983
    -0.25972 3.82157
    -0.24972 3.45619
    -0.23972 3.14623
    -0.22972 2.97785
    -0.21972 2.96104
    -0.20972 3.01527
    -0.19972 3.03719
    -0.18972 2.99063
    -0.17972 2.90837
    -0.16972 2.81974
    -0.15972 2.71762
    -0.14972 2.59391
    -0.13972 2.46665
    -0.12972 2.36127
    -0.11972 2.28813
    -0.10972 2.23890
    -0.09972 2.18376
    -0.08972 2.07243
    -0.07972 1.85796
    -0.06972 1.53063
    -0.05972 1.13181
    -0.04972 0.73600
    -0.03972 0.41334
    -0.02972 0.19733
    -0.01972 0.07902
    -0.00972 0.02626
    0.00028 0.00718
    0.01028 0.00160
    0.02028 0.00029
    0.03028 0.00004
    0.04028 0.00001
    0.05028 0.00000
    0.06028 0.00000
    0.07028 0.00000
    0.08028 0.00000
    0.09028 0.00000
    0.10028 0.00000
    0.11028 0.00000
    0.12028 0.00000
    0.13028 0.00000
    0.14028 0.00000
    0.15028 0.00000
    0.16028 0.00000
    0.17028 0.00000
    0.18028 0.00000
    0.19028 0.00000
    0.20028 0.00000
    0.21028 0.00000
    0.22028 0.00000
    0.23028 0.00000
    0.24028 0.00000
    0.25028 0.00000
    0.26028 0.00000
    0.27028 0.00000
    0.28028 0.00000
    0.29028 0.00000
    0.30028 0.00000
    0.31028 0.00000
    0.32028 0.00000
    0.33028 0.00000
    0.34028 0.00000
    0.35028 0.00000
    0.36028 0.00000
    0.37028 0.00000
    0.38028 0.00000
    0.39028 0.00000
    0.40028 0.00000
    0.41028 0.00000
    0.42028 0.00000
    0.43028 0.00000
    0.44028 0.00000
    0.45028 0.00000
    0.46028 0.00000
    0.47028 0.00000
    0.48028 0.00000
    0.49028 0.00000
    0.50028 0.00000
    0.51028 0.00000
    0.52028 0.00000
    0.53028 0.00000
    0.54028 0.00000
    0.55028 0.00000
    0.56028 0.00000
    0.57028 0.00000
    0.58028 0.00000
    0.59028 0.00000
    0.60028 0.00000
    0.61028 0.00000
    0.62028 0.00000
    0.63028 0.00000
    0.64028 0.00000
    0.65028 0.00000
    0.66028 0.00000
    0.67028 0.00000
    0.68028 0.00000
    0.69028 0.00000
    0.70028 0.00000
    0.71028 0.00000
    0.72028 0.00000
    0.73028 0.00000
    0.74028 0.00000
    0.75028 0.00000
    0.76028 0.00000
    0.77028 0.00000
    0.78028 0.00000
    0.79028 0.00000
    0.80028 0.00000
    0.81028 0.00000
    0.82028 0.00000
    0.83028 0.00000
    0.84028 0.00000
    0.85028 0.00000
    0.86028 0.00000
    0.87028 0.00000
    0.88028 0.00000
    0.89028 0.00000
    0.90028 0.00000
    0.91028 0.00000
    0.92028 0.00000
    0.93028 0.00000
    0.94028 0.00000
    0.95028 0.00000
    0.96028 0.00000
    0.97028 0.00000
    0.98028 0.00000
    0.99028 0.00000
    1.00028 0.00000
    1.01028 0.00000
    1.02028 0.00000
    1.03028 0.00000
    1.04028 0.00000
    1.05028 0.00000
    1.06028 0.00000
    1.07028 0.00000
    1.08028 0.00000
    1.09028 0.00000
    1.10028 0.00000
    1.11028 0.00000
    1.12028 0.00000
    1.13028 0.00000
    1.14028 0.00000
    1.15028 0.00000
    1.16028 0.00000
    1.17028 0.00000
    1.18028 0.00000
    1.19028 0.00000
    1.20028 0.00000
    1.21028 0.00000
    1.22028 0.00000
    1.23028 0.00000
    1.24028 0.00000
    1.25028 0.00000
    1.26028 0.00000
    1.27028 0.00000
    1.28028 0.00000
    1.29028 0.00000
    1.30028 0.00000
    1.31028 0.00000
    1.32028 0.00000
    1.33028 0.00000
    1.34028 0.00000
    1.35028 0.00000
    1.36028 0.00000
    1.37028 0.00000
    1.38028 0.00000
    1.39028 0.00000
    1.40028 0.00000
    1.41028 0.00000
    1.42028 0.00000
    1.43028 0.00000
    1.44028 0.00000
    1.45028 0.00000
    1.46028 0.00000
    1.47028 0.00000
    1.48028 0.00000
    1.49028 0.00000
    1.50028 0.00000
    1.51028 0.00000
    1.52028 0.00000
    1.53028 0.00000
    1.54028 0.00000
    1.55028 0.00000
    1.56028 0.00000
    1.57028 0.00000
    1.58028 0.00000
    1.59028 0.00000
    1.60028 0.00000
    1.61028 0.00000
    1.62028 0.00000
    1.63028 0.00000
    1.64028 0.00000
    1.65028 0.00000
    1.66028 0.00000
    1.67028 0.00000
    1.68028 0.00000
    1.69028 0.00000
    1.70028 0.00000
    1.71028 0.00000
    1.72028 0.00000
    1.73028 0.00000
    1.74028 0.00000
    1.75028 0.00000
    1.76028 0.00000
    1.77028 0.00000
    1.78028 0.00000
    1.79028 0.00000
    1.80028 0.00000
    1.81028 0.00000
    1.82028 0.00000
    1.83028 0.00000
    1.84028 0.00000
    1.85028 0.00000
    1.86028 0.00000
    1.87028 0.00000
    1.88028 0.00000
    1.89028 0.00000
    1.90028 0.00000
    1.91028 0.00000
    1.92028 0.00000
    1.93028 0.00000
    1.94028 0.00000
    1.95028 0.00000
    1.96028 0.00000
    1.97028 0.00000
    1.98028 0.00000
    1.99028 0.00000
    2.00028 0.00000
    2.01028 0.00000
    2.02028 0.00000
    2.03028 0.00000
    2.04028 0.00000
    2.05028 0.00000
    2.06028 0.00000
    2.07028 0.00000
    2.08028 0.00000
    2.09028 0.00000
    2.10028 0.00000
    2.11028 0.00000
    2.12028 0.00000
    2.13028 0.00000
    2.14028 0.00000
    2.15028 0.00000
    2.16028 0.00000
    2.17028 0.00000
    2.18028 0.00000
    2.19028 0.00000
    2.20028 0.00000
    2.21028 0.00000
    2.22028 0.00000
    2.23028 0.00000
    2.24028 0.00004
    2.25028 0.00032
    2.26028 0.00232
    2.27028 0.01360
    2.28028 0.06497
    2.29028 0.25374
    2.30028 0.81361
    2.31028 2.15435
    2.32028 4.74697
    2.33028 8.79612
    2.34028 13.91183
    2.35028 19.17328
    2.36028 23.66035
    2.37028 26.96345
    2.38028 29.18813
    2.39028 30.63365
    2.40028 31.64999
    2.41028 32.69043
    2.42028 34.16507
    2.43028 36.06348
    2.44028 37.83320
    2.45028 38.85049
    2.46028 39.12433
    2.47028 39.45955
    2.48028 40.77925
    2.49028 43.25663
    2.50028 46.19343
    2.51028 48.76054
    2.52028 50.76685
    2.53028 52.71587
    2.54028 55.21967
    2.55028 58.27559
    2.56028 60.95849
    2.57028 61.98393
    2.58028 60.80854
    2.59028 58.05410
    2.60028 54.77909
    2.61028 51.67197
    2.62028 49.05984
    2.63028 47.19094
    2.64028 46.12625
    2.65028 45.63325
    2.66028 45.51340
    2.67028 45.83233
    2.68028 46.60495
    2.69028 47.56961
    2.70028 48.57940
    2.71028 49.90517
    2.72028 51.73161
    2.73028 53.46642
    2.74028 53.91437
    2.75028 52.25077
    2.76028 48.75768
    2.77028 44.63384
    2.78028 41.18253
    2.79028 39.13406
    2.80028 38.50742
    2.81028 38.91024
    2.82028 39.99940
    2.83028 41.79422
    2.84028 44.54368
    2.85028 48.17065
    2.86028 51.87729
    2.87028 54.58479
    2.88028 55.99993
    2.89028 57.13447
    2.90028 59.55840
    2.91028 64.15672
    2.92028 70.58171
    2.93028 77.53072
    2.94028 83.25659
    2.95028 86.10957
    2.96028 85.20904
    2.97028 80.95114
    2.98028 74.83657
    2.99028 68.58913
    3.00028 63.22047
    3.01028 58.80142
    3.02028 55.00928
    3.03028 51.76838
    3.04028 49.33527
    3.05028 47.84271
    3.06028 46.86121
    3.07028 45.54258
    3.08028 43.34431
    3.09028 40.66155
    3.10028 38.71342
    3.11028 38.78146
    3.12028 41.48290
    3.13028 46.60738
    3.14028 53.46504
    3.15028 61.26651
    3.16028 69.09573
    3.17028 75.59174
    3.18028 79.09363
    3.19028 78.66730
    3.20028 75.08402
    3.21028 70.42219
    3.22028 66.49034
    3.23028 63.71070
    3.24028 61.49524
    3.25028 59.35060
    3.26028 57.29026
    3.27028 55.35392
    3.28028 53.25434
    3.29028 50.67588
    3.30028 47.64503
    3.31028 44.44386
    3.32028 41.31234
    3.33028 38.36426
    3.34028 35.70012
    3.35028 33.46343
    3.36028 31.78432
    3.37028 30.71272
    3.38028 30.19913
    3.39028 30.17624
    3.40028 30.70691
    3.41028 31.93988
    3.42028 33.77669
    3.43028 35.64083
    3.44028 36.72411
    3.45028 36.52544
    3.46028 35.19334
    3.47028 33.40302
    3.48028 31.88720
    3.49028 31.00581
    3.50028 30.66847
    3.51028 30.53869
    3.52028 30.26204
    3.53028 29.69154
    3.54028 29.14223
    3.55028 29.35055
    3.56028 30.84326
    3.57028 33.20895
    3.58028 35.23060
    3.59028 36.01579
    3.60028 36.02765
    3.61028 36.87567
    3.62028 39.94732
    3.63028 45.11486
    3.64028 50.76754
    3.65028 55.23457
    3.66028 58.27056
    3.67028 61.15841
    3.68028 65.37541
    3.69028 71.08603
    3.70028 76.68140
    3.71028 79.68900
    3.72028 78.49948
    3.73028 73.59755
    3.74028 67.05175
    3.75028 60.74587
    3.76028 55.32824
    3.77028 50.74588
    3.78028 47.20818
    3.79028 45.36111
    3.80028 45.71866
    3.81028 48.01941
    3.82028 51.01221
    3.83028 52.87841
    3.84028 52.16752
    3.85028 48.72710
    3.86028 43.90549
    3.87028 39.68222
    3.88028 37.29891
    3.89028 36.55268
    3.90028 36.36876
    3.91028 36.05875
    3.92028 36.03345
    3.93028 37.28382
    3.94028 40.15805
    3.95028 43.67040
    3.96028 46.02263
    3.97028 45.83777
    3.98028 43.08388
    3.99028 39.08508
    4.00028 35.67935
    4.01028 34.04350
    4.02028 33.93187
    4.03028 33.91601
    4.04028 32.58531
    4.05028 29.86049
    4.06028 27.25905
    4.07028 26.75169
    4.08028 29.14086
    4.09028 33.23600
    4.10028 36.42453
    4.11028 36.39444
    4.12028 32.84842
    4.13028 27.69707
    4.14028 23.53981
    4.15028 21.91055
    4.16028 22.59433
    4.17028 24.11212
    4.18028 24.91445
    4.19028 24.56067
    4.20028 23.96858
    4.21028 24.51959
    4.22028 26.85670
    4.23028 30.30003
    4.24028 33.16746
    4.25028 33.79794
    4.26028 31.69706
    4.27028 27.93477
    4.28028 24.36388
    4.29028 22.35675
    4.30028 22.20790
    4.31028 23.43041
    4.32028 25.25911
    4.33028 26.94536
    4.34028 27.99672
    4.35028 28.38831
    4.36028 28.49957
    4.37028 28.75866
    4.38028 29.29720
    4.39028 29.85725
    4.40028 29.98439
    4.41028 29.41007
    4.42028 28.36706
    4.43028 27.52460
    4.44028 27.52146
    4.45028 28.48134
    4.46028 29.94165
    4.47028 31.25540
    4.48028 32.11457
    4.49028 32.74526
    4.50028 33.62081
    4.51028 34.97010
    4.52028 36.51281
    4.53028 37.61501
    4.54028 37.68640
    4.55028 36.48198
    4.56028 34.16044
    4.57028 31.18927
    4.58028 28.17089
    4.59028 25.63361
    4.60028 23.93981
    4.61028 23.31548
    4.62028 23.72038
    4.63028 24.60715
    4.64028 25.14519
    4.65028 24.98445
    4.66028 24.69153
    4.67028 25.27126
    4.68028 27.30599
    4.69028 30.55646
    4.70028 34.26899
    4.71028 37.83301
    4.72028 41.18894
    4.73028 44.63873
    4.74028 48.43295
    4.75028 52.82683
    4.76028 58.45633
    4.77028 66.00012
    4.78028 74.94867
    4.79028 82.97374
    4.80028 87.10759
    4.81028 85.76261
    4.82028 79.58385
    4.83028 70.55920
    4.84028 60.65893
    4.85028 51.27910
    4.86028 43.40216
