    -4.99000 0.24370
    -4.98000 0.23498
    -4.97000 0.21874
    -4.96000 0.20337
    -4.95000 0.19629
    -4.94000 0.19560
    -4.93000 0.19263
    -4.92000 0.18365
    -4.91000 0.17461
    -4.90000 0.17253
    -4.89000 0.17718
    -4.88000 0.18424
    -4.87000 0.19144
    -4.86000 0.19726
    -4.85000 0.19767
    -4.84000 0.19014
    -4.83000 0.17962
    -4.82000 0.17551
    -4.81000 0.18194
    -4.80000 0.19369
    -4.79000 0.20256
    -4.78000 0.20480
    -4.77000 0.20113
    -4.76000 0.19219
    -4.75000 0.17809
    -4.74000 0.16184
    -4.73000 0.14880
    -4.72000 0.14185
    -4.71000 0.14002
    -4.70000 0.14271
    -4.69000 0.15180
    -4.68000 0.16776
    -4.67000 0.18466
    -4.66000 0.19181
    -4.65000 0.18306
    -4.64000 0.16450
    -4.63000 0.15027
    -4.62000 0.14968
    -4.61000 0.16079
    -4.60000 0.17704
    -4.59000 0.19543
    -4.58000 0.21486
    -4.57000 0.23015
    -4.56000 0.23462
    -4.55000 0.23263
    -4.54000 0.24952
    -4.53000 0.32549
    -4.52000 0.49347
    -4.51000 0.75732
    -4.50000 1.08872
    -4.49000 1.44174
    -4.48000 1.76590
    -4.47000 2.01002
    -4.46000 2.13350
    -4.45000 2.13166
    -4.44000 2.04825
    -4.43000 1.95123
    -4.42000 1.89157
    -4.41000 1.88355
    -4.40000 1.91563
    -4.39000 1.96919
    -4.38000 2.02539
    -4.37000 2.06259
    -4.36000 2.05639
    -4.35000 1.98761
    -4.34000 1.85473
    -4.33000 1.67971
    -4.32000 1.49681
    -4.31000 1.33101
    -4.30000 1.18807
    -4.29000 1.06498
    -4.28000 0.96413
    -4.27000 0.89345
    -4.26000 0.85477
    -4.25000 0.83525
    -4.24000 0.81231
    -4.23000 0.76975
    -4.22000 0.71091
    -4.21000 0.65412
    -4.20000 0.61396
    -4.19000 0.58899
    -4.18000 0.56873
    -4.17000 0.54833
    -4.16000 0.53097
    -4.15000 0.51687
    -4.14000 0.49707
    -4.13000 0.46326
    -4.12000 0.42075
    -4.11000 0.38566
    -4.10000 0.36799
    -4.09000 0.36194
    -4.08000 0.35516
    -4.07000 0.34469
    -4.06000 0.34064
    -4.05000 0.35417
    -4.04000 0.38303
    -4.03000 0.40936
    -4.02000 0.41276
    -4.01000 0.38730
    -4.00000 0.34648
    -3.99000 0.31207
    -3.98000 0.29826
    -3.97000 0.30543
    -3.96000 0.32544
    -3.95000 0.34832
    -3.94000 0.36420
    -3.93000 0.36482
    -3.92000 0.35041
    -3.91000 0.33520
    -3.90000 0.34135
    -3.89000 0.38425
    -3.88000 0.46306
    -3.87000 0.56350
    -3.86000 0.66682
    -3.85000 0.75660
    -3.84000 0.82052
    -3.83000 0.85103
    -3.82000 0.85026
    -3.81000 0.83533
    -3.80000 0.83128
    -3.79000 0.85102
    -3.78000 0.88564
    -3.77000 0.92051
    -3.76000 0.95453
    -3.75000 0.99403
    -3.74000 1.03410
    -3.73000 1.06152
    -3.72000 1.07877
    -3.71000 1.10989
    -3.70000 1.17099
    -3.69000 1.24141
    -3.68000 1.27785
    -3.67000 1.25807
    -3.66000 1.20056
    -3.65000 1.14041
    -3.64000 1.09705
    -3.63000 1.06855
    -3.62000 1.04421
    -3.61000 1.01353
    -3.60000 0.97077
    -3.59000 0.92107
    -3.58000 0.88116
    -3.57000 0.86827
    -3.56000 0.88515
    -3.55000 0.91502
    -3.54000 0.93365
    -3.53000 0.92958
    -3.52000 0.91140
    -3.51000 0.89510
    -3.50000 0.89031
    -3.49000 0.90188
    -3.48000 0.93604
    -3.47000 0.99381
    -3.46000 1.05903
    -3.45000 1.10320
    -3.44000 1.10703
    -3.43000 1.07368
    -3.42000 1.02042
    -3.41000 0.96235
    -3.40000 0.90587
    -3.39000 0.85258
    -3.38000 0.80505
    -3.37000 0.76662
    -3.36000 0.73617
    -3.35000 0.70720
    -3.34000 0.67574
    -3.33000 0.64710
    -3.32000 0.63098
    -3.31000 0.63107
    -3.30000 0.64100
    -3.29000 0.64933
    -3.28000 0.64671
    -3.27000 0.62970
    -3.26000 0.60029
    -3.25000 0.56392
    -3.24000 0.52801
    -3.23000 0.50101
    -3.22000 0.49082
    -3.21000 0.50174
    -3.20000 0.53090
    -3.19000 0.56689
    -3.18000 0.59386
    -3.17000 0.60016
    -3.16000 0.58434
    -3.15000 0.55377
    -3.14000 0.51975
    -3.13000 0.49323
    -3.12000 0.48030
    -3.11000 0.47821
    -3.10000 0.47843
    -3.09000 0.47644
    -3.08000 0.47716
    -3.07000 0.48767
    -3.06000 0.50614
    -3.05000 0.52189
    -3.04000 0.52602
    -3.03000 0.51789
    -3.02000 0.50062
    -3.01000 0.47532
    -3.00000 0.44323
    -2.99000 0.41090
    -2.98000 0.38889
    -2.97000 0.38402
    -2.96000 0.39458
    -2.95000 0.41345
    -2.94000 0.43290
    -2.93000 0.44606
    -2.92000 0.44895
    -2.91000 0.44450
    -2.90000 0.44152
    -2.89000 0.44599
    -2.88000 0.45426
    -2.87000 0.45702
    -2.86000 0.45020
    -2.85000 0.44048
    -2.84000 0.43917
    -2.83000 0.45225
    -2.82000 0.47696
    -2.81000 0.50526
    -2.80000 0.52752
    -2.79000 0.53505
    -2.78000 0.52535
    -2.77000 0.50648
    -2.76000 0.49169
    -2.75000 0.48763
    -2.74000 0.49115
    -2.73000 0.49725
    -2.72000 0.50404
    -2.71000 0.50996
    -2.70000 0.51343
    -2.69000 0.51695
    -2.68000 0.52547
    -2.67000 0.54040
    -2.66000 0.56054
    -2.65000 0.58904
    -2.64000 0.63389
    -2.63000 0.70058
    -2.62000 0.78731
    -2.61000 0.88648
    -2.60000 0.98620
    -2.59000 1.07022
    -2.58000 1.12304
    -2.57000 1.14002
    -2.56000 1.12955
    -2.55000 1.10204
    -2.54000 1.06025
    -2.53000 1.00501
    -2.52000 0.94592
    -2.51000 0.89775
    -2.50000 0.86697
    -2.49000 0.84945
    -2.48000 0.84103
    -2.47000 0.84072
    -2.46000 0.84215
    -2.45000 0.83183
    -2.44000 0.80308
    -2.43000 0.76813
    -2.42000 0.75048
    -2.41000 0.76288
    -2.40000 0.79429
    -2.39000 0.81988
    -2.38000 0.82260
    -2.37000 0.80405
    -2.36000 0.77834
    -2.35000 0.76186
    -2.34000 0.76736
    -2.33000 0.79895
    -2.32000 0.84791
    -2.31000 0.89737
    -2.30000 0.93519
    -2.29000 0.95983
    -2.28000 0.97203
    -2.27000 0.96766
    -2.26000 0.94610
    -2.25000 0.92069
    -2.24000 0.91167
    -2.23000 0.92930
    -2.22000 0.96927
    -2.21000 1.02195
    -2.20000 1.07914
    -2.19000 1.13188
    -2.18000 1.16719
    -2.17000 1.16977
    -2.16000 1.12813
    -2.15000 1.04299
    -2.14000 0.93185
    -2.13000 0.82127
    -2.12000 0.73040
    -2.11000 0.66315
    -2.10000 0.61672
    -2.09000 0.59397
    -2.08000 0.60520
    -2.07000 0.65862
    -2.06000 0.74710
    -2.05000 0.84136
    -2.04000 0.89915
    -2.03000 0.88894
    -2.02000 0.80940
    -2.01000 0.68865
    -2.00000 0.56774
    -1.99000 0.48157
    -1.98000 0.44488
    -1.97000 0.44871
    -1.96000 0.46956
    -1.95000 0.48524
    -1.94000 0.48701
    -1.93000 0.48123
    -1.92000 0.48050
    -1.91000 0.49189
    -1.90000 0.51019
    -1.89000 0.52011
    -1.88000 0.50807
    -1.87000 0.47661
    -1.86000 0.44541
    -1.85000 0.43371
    -1.84000 0.44289
    -1.83000 0.45981
    -1.82000 0.47414
    -1.81000 0.48576
    -1.80000 0.49521
    -1.79000 0.49490
    -1.78000 0.47542
    -1.77000 0.43748
    -1.76000 0.39375
    -1.75000 0.35958
    -1.74000 0.34374
    -1.73000 0.34705
    -1.72000 0.36609
    -1.71000 0.39499
    -1.70000 0.42465
    -1.69000 0.44742
    -1.68000 0.46781
    -1.67000 0.50408
    -1.66000 0.57062
    -1.65000 0.65718
    -1.64000 0.73067
    -1.63000 0.75997
    -1.62000 0.73649
    -1.61000 0.67181
    -1.60000 0.58199
    -1.59000 0.47882
    -1.58000 0.37273
    -1.57000 0.27656
    -1.56000 0.20235
    -1.55000 0.15526
    -1.54000 0.13188
    -1.53000 0.12368
    -1.52000 0.12144
    -1.51000 0.11856
    -1.50000 0.11269
    -1.49000 0.10508
    -1.48000 0.09798
    -1.47000 0.09166
    -1.46000 0.08374
    -1.45000 0.07153
    -1.44000 0.05496
    -1.43000 0.03702
    -1.42000 0.02156
    -1.41000 0.01078
    -1.40000 0.00460
    -1.39000 0.00167
    -1.38000 0.00051
    -1.37000 0.00013
    -1.36000 0.00003
    -1.35000 0.00000
    -1.34000 0.00000
    -1.33000 0.00000
    -1.32000 0.00000
    -1.31000 0.00000
    -1.30000 0.00000
    -1.29000 0.00000
    -1.28000 0.00000
    -1.27000 0.00000
    -1.26000 0.00002
    -1.25000 0.00011
    -1.24000 0.00062
    -1.23000 0.00271
    -1.22000 0.00963
    -1.21000 0.02791
    -1.20000 0.06633
    -1.19000 0.13061
    -1.18000 0.21641
    -1.17000 0.30883
    -1.16000 0.39176
    -1.15000 0.45849
    -1.14000 0.51181
    -1.13000 0.55531
    -1.12000 0.58839
    -1.11000 0.61106
    -1.10000 0.63027
    -1.09000 0.65692
    -1.08000 0.69549
    -1.07000 0.73893
    -1.06000 0.77639
    -1.05000 0.80605
    -1.04000 0.83787
    -1.03000 0.88260
    -1.02000 0.94001
    -1.01000 1.00003
    -1.00000 1.05594
    -0.99000 1.11465
    -0.98000 1.19056
    -0.97000 1.28964
    -0.96000 1.40343
    -0.95000 1.51985
    -0.94000 1.63466
    -0.93000 1.74720
    -0.92000 1.84649
    -0.91000 1.90898
    -0.90000 1.91445
    -0.89000 1.86213
    -0.88000 1.76938
    -0.87000 1.65889
    -0.86000 1.55070
    -0.85000 1.46000
    -0.84000 1.39265
    -0.83000 1.34267
    -0.82000 1.30048
    -0.81000 1.26474
    -0.80000 1.24195
    -0.79000 1.23247
    -0.78000 1.22206
    -0.77000 1.19357
    -0.76000 1.14690
    -0.75000 1.10162
    -0.74000 1.07897
    -0.73000 1.08327
    -0.72000 1.09866
    -0.71000 1.10180
    -0.70000 1.08188
    -0.69000 1.04893
    -0.68000 1.01898
    -0.67000 0.99549
    -0.66000 0.97434
    -0.65000 0.96194
    -0.64000 0.97225
    -0.63000 1.00269
    -0.62000 1.02623
    -0.61000 1.01576
    -0.60000 0.97148
    -0.59000 0.91827
    -0.58000 0.88003
    -0.57000 0.86327
    -0.56000 0.86495
    -0.55000 0.88543
    -0.54000 0.92318
    -0.53000 0.95964
    -0.52000 0.96465
    -0.51000 0.92555
    -0.50000 0.86430
    -0.49000 0.81745
    -0.48000 0.80222
    -0.47000 0.80815
    -0.46000 0.81839
    -0.45000 0.83002
    -0.44000 0.85011
    -0.43000 0.87779
    -0.42000 0.89793
    -0.41000 0.89572
    -0.40000 0.87486
    -0.39000 0.85689
    -0.38000 0.86067
    -0.37000 0.88246
    -0.36000 0.89624
    -0.35000 0.87372
    -0.34000 0.80621
    -0.33000 0.70998
    -0.32000 0.61233
    -0.31000 0.53181
    -0.30000 0.46955
    -0.29000 0.41652
    -0.28000 0.36707
    -0.27000 0.32467
    -0.26000 0.29655
    -0.25000 0.28523
    -0.24000 0.28664
    -0.23000 0.29505
    -0.22000 0.30667
    -0.21000 0.31743
    -0.20000 0.32100
    -0.19000 0.31220
    -0.18000 0.29154
    -0.17000 0.26548
    -0.16000 0.24305
    -0.15000 0.23152
    -0.14000 0.23189
    -0.13000 0.23779
    -0.12000 0.24108
    -0.11000 0.23904
    -0.10000 0.23424
    -0.09000 0.22877
    -0.08000 0.22185
    -0.07000 0.21285
    -0.06000 0.20340
    -0.05000 0.19573
    -0.04000 0.19071
    -0.03000 0.18764
    -0.02000 0.18394
    -0.01000 0.17531
    0.00000 0.15772
    0.01000 0.13030
    0.02000 0.09657
    0.03000 0.06291
    0.04000 0.03538
    0.05000 0.01691
    0.06000 0.00677
    0.07000 0.00225
    0.08000 0.00062
    0.09000 0.00014
    0.10000 0.00002
    0.11000 0.00000
    0.12000 0.00000
    0.13000 0.00000
    0.14000 0.00000
    0.15000 0.00000
    0.16000 0.00000
    0.17000 0.00000
    0.18000 0.00000
    0.19000 0.00000
    0.20000 0.00000
    0.21000 0.00000
    0.22000 0.00000
    0.23000 0.00000
    0.24000 0.00000
    0.25000 0.00000
    0.26000 0.00000
    0.27000 0.00000
    0.28000 0.00000
    0.29000 0.00000
    0.30000 0.00000
    0.31000 0.00000
    0.32000 0.00000
    0.33000 0.00000
    0.34000 0.00000
    0.35000 0.00000
    0.36000 0.00000
    0.37000 0.00000
    0.38000 0.00000
    0.39000 0.00000
    0.40000 0.00000
    0.41000 0.00000
    0.42000 0.00000
    0.43000 0.00000
    0.44000 0.00000
    0.45000 0.00000
    0.46000 0.00000
    0.47000 0.00000
    0.48000 0.00000
    0.49000 0.00000
    0.50000 0.00000
    0.51000 0.00000
    0.52000 0.00000
    0.53000 0.00000
    0.54000 0.00000
    0.55000 0.00000
    0.56000 0.00000
    0.57000 0.00000
    0.58000 0.00000
    0.59000 0.00000
    0.60000 0.00000
    0.61000 0.00000
    0.62000 0.00000
    0.63000 0.00000
    0.64000 0.00000
    0.65000 0.00000
    0.66000 0.00000
    0.67000 0.00000
    0.68000 0.00000
    0.69000 0.00000
    0.70000 0.00000
    0.71000 0.00000
    0.72000 0.00000
    0.73000 0.00000
    0.74000 0.00000
    0.75000 0.00000
    0.76000 0.00000
    0.77000 0.00000
    0.78000 0.00000
    0.79000 0.00000
    0.80000 0.00000
    0.81000 0.00000
    0.82000 0.00000
    0.83000 0.00000
    0.84000 0.00000
    0.85000 0.00000
    0.86000 0.00000
    0.87000 0.00000
    0.88000 0.00000
    0.89000 0.00000
    0.90000 0.00000
    0.91000 0.00000
    0.92000 0.00000
    0.93000 0.00000
    0.94000 0.00000
    0.95000 0.00000
    0.96000 0.00000
    0.97000 0.00000
    0.98000 0.00000
    0.99000 0.00000
    1.00000 0.00000
    1.01000 0.00000
    1.02000 0.00000
    1.03000 0.00000
    1.04000 0.00000
    1.05000 0.00000
    1.06000 0.00000
    1.07000 0.00000
    1.08000 0.00000
    1.09000 0.00000
    1.10000 0.00000
    1.11000 0.00000
    1.12000 0.00000
    1.13000 0.00000
    1.14000 0.00000
    1.15000 0.00000
    1.16000 0.00000
    1.17000 0.00000
    1.18000 0.00000
    1.19000 0.00000
    1.20000 0.00000
    1.21000 0.00000
    1.22000 0.00000
    1.23000 0.00000
    1.24000 0.00000
    1.25000 0.00000
    1.26000 0.00000
    1.27000 0.00000
    1.28000 0.00000
    1.29000 0.00000
    1.30000 0.00000
    1.31000 0.00000
    1.32000 0.00000
    1.33000 0.00000
    1.34000 0.00000
    1.35000 0.00000
    1.36000 0.00000
    1.37000 0.00000
    1.38000 0.00000
    1.39000 0.00000
    1.40000 0.00000
    1.41000 0.00000
    1.42000 0.00000
    1.43000 0.00000
    1.44000 0.00000
    1.45000 0.00000
    1.46000 0.00000
    1.47000 0.00000
    1.48000 0.00000
    1.49000 0.00000
    1.50000 0.00000
    1.51000 0.00000
    1.52000 0.00000
    1.53000 0.00000
    1.54000 0.00000
    1.55000 0.00000
    1.56000 0.00000
    1.57000 0.00000
    1.58000 0.00000
    1.59000 0.00000
    1.60000 0.00000
    1.61000 0.00000
    1.62000 0.00000
    1.63000 0.00000
    1.64000 0.00000
    1.65000 0.00000
    1.66000 0.00000
    1.67000 0.00000
    1.68000 0.00000
    1.69000 0.00000
    1.70000 0.00000
    1.71000 0.00000
    1.72000 0.00000
    1.73000 0.00000
    1.74000 0.00000
    1.75000 0.00000
    1.76000 0.00000
    1.77000 0.00000
    1.78000 0.00000
    1.79000 0.00000
    1.80000 0.00000
    1.81000 0.00000
    1.82000 0.00000
    1.83000 0.00000
    1.84000 0.00000
    1.85000 0.00000
    1.86000 0.00000
    1.87000 0.00000
    1.88000 0.00000
    1.89000 0.00000
    1.90000 0.00000
    1.91000 0.00000
    1.92000 0.00000
    1.93000 0.00000
    1.94000 0.00000
    1.95000 0.00000
    1.96000 0.00000
    1.97000 0.00000
    1.98000 0.00000
    1.99000 0.00000
    2.00000 0.00000
    2.01000 0.00000
    2.02000 0.00000
    2.03000 0.00000
    2.04000 0.00000
    2.05000 0.00000
    2.06000 0.00000
    2.07000 0.00000
    2.08000 0.00000
    2.09000 0.00000
    2.10000 0.00000
    2.11000 0.00000
    2.12000 0.00000
    2.13000 0.00000
    2.14000 0.00000
    2.15000 0.00000
    2.16000 0.00000
    2.17000 0.00000
    2.18000 0.00000
    2.19000 0.00000
    2.20000 0.00000
    2.21000 0.00000
    2.22000 0.00000
    2.23000 0.00000
    2.24000 0.00000
    2.25000 0.00000
    2.26000 0.00000
    2.27000 0.00000
    2.28000 0.00000
    2.29000 0.00000
    2.30000 0.00000
    2.31000 0.00000
    2.32000 0.00000
    2.33000 0.00001
    2.34000 0.00004
    2.35000 0.00025
    2.36000 0.00121
    2.37000 0.00472
    2.38000 0.01513
    2.39000 0.04005
    2.40000 0.08822
    2.41000 0.16341
    2.42000 0.25840
    2.43000 0.35611
    2.44000 0.43968
    2.45000 0.50217
    2.46000 0.54707
    2.47000 0.58218
    2.48000 0.61583
    2.49000 0.65612
    2.50000 0.70764
    2.51000 0.76563
    2.52000 0.81587
    2.53000 0.84497
    2.54000 0.85379
    2.55000 0.86019
    2.56000 0.88543
    2.57000 0.93661
    2.58000 1.00204
    2.59000 1.06309
    2.60000 1.10964
    2.61000 1.14607
    2.62000 1.18501
    2.63000 1.23357
    2.64000 1.28368
    2.65000 1.31847
    2.66000 1.32871
    2.67000 1.31831
    2.68000 1.29405
    2.69000 1.25918
    2.70000 1.22009
    2.71000 1.19088
    2.72000 1.18494
    2.73000 1.20626
    2.74000 1.25143
    2.75000 1.31403
    2.76000 1.38338
    2.77000 1.44869
    2.78000 1.51196
    2.79000 1.58806
    2.80000 1.68137
    2.81000 1.76652
    2.82000 1.80259
    2.83000 1.76814
    2.84000 1.67929
    2.85000 1.57565
    2.86000 1.49395
    2.87000 1.45233
    2.88000 1.44844
    2.89000 1.46627
    2.90000 1.49136
    2.91000 1.52672
    2.92000 1.59114
    2.93000 1.69451
    2.94000 1.81414
    2.95000 1.90438
    2.96000 1.93881
    2.97000 1.94078
    2.98000 1.96525
    2.99000 2.05243
    3.00000 2.20053
    3.01000 2.37227
    3.02000 2.51635
    3.03000 2.59010
    3.04000 2.57887
    3.05000 2.50294
    3.06000 2.40395
    3.07000 2.31770
    3.08000 2.25460
    3.09000 2.20390
    3.10000 2.15384
    3.11000 2.10319
    3.12000 2.05174
    3.13000 1.98355
    3.14000 1.86724
    3.15000 1.68216
    3.16000 1.44799
    3.17000 1.22379
    3.18000 1.07391
    3.19000 1.03389
    3.20000 1.10298
    3.21000 1.25685
    3.22000 1.46257
    3.23000 1.68837
    3.24000 1.90445
    3.25000 2.07604
    3.26000 2.16614
    3.27000 2.15880
    3.28000 2.07821
    3.29000 1.97407
    3.30000 1.88558
    3.31000 1.82228
    3.32000 1.77580
    3.33000 1.74095
    3.34000 1.71878
    3.35000 1.70308
    3.36000 1.67759
    3.37000 1.63363
    3.38000 1.58335
    3.39000 1.54807
    3.40000 1.53767
    3.41000 1.54525
    3.42000 1.55554
    3.43000 1.55310
    3.44000 1.53010
    3.45000 1.49386
    3.46000 1.46358
    3.47000 1.45779
    3.48000 1.48871
    3.49000 1.56139
    3.50000 1.66338
    3.51000 1.75644
    3.52000 1.79460
    3.53000 1.75813
    3.54000 1.66684
    3.55000 1.56060
    3.56000 1.47154
    3.57000 1.41261
    3.58000 1.38222
    3.59000 1.36981
    3.60000 1.35754
    3.61000 1.32824
    3.62000 1.28212
    3.63000 1.24330
    3.64000 1.23871
    3.65000 1.26670
    3.66000 1.29357
    3.67000 1.28742
    3.68000 1.25259
    3.69000 1.22674
    3.70000 1.24391
    3.71000 1.30130
    3.72000 1.36190
    3.73000 1.39040
    3.74000 1.38747
    3.75000 1.39055
    3.76000 1.44156
    3.77000 1.54850
    3.78000 1.67043
    3.79000 1.74071
    3.80000 1.71598
    3.81000 1.60946
    3.82000 1.47410
    3.83000 1.35361
    3.84000 1.25560
    3.85000 1.16876
    3.86000 1.09267
    3.87000 1.04463
    3.88000 1.04227
    3.89000 1.08431
    3.90000 1.14681
    3.91000 1.19412
    3.92000 1.19495
    3.93000 1.13755
    3.94000 1.03853
    3.95000 0.93606
    3.96000 0.86611
    3.97000 0.83936
    3.98000 0.83978
    3.99000 0.84579
    4.00000 0.85202
    4.01000 0.86994
    4.02000 0.90884
    4.03000 0.95947
    4.04000 0.99709
    4.05000 0.99838
    4.06000 0.95707
    4.07000 0.88917
    4.08000 0.82394
    4.09000 0.78386
    4.10000 0.76733
    4.11000 0.74973
    4.12000 0.70466
    4.13000 0.62998
    4.14000 0.55518
    4.15000 0.52029
    4.16000 0.54325
    4.17000 0.60310
    4.18000 0.65166
    4.19000 0.64661
    4.20000 0.58238
    4.21000 0.49232
    4.22000 0.42106
    4.23000 0.39391
    4.24000 0.40580
    4.25000 0.43095
    4.26000 0.44428
    4.27000 0.44080
    4.28000 0.43722
    4.29000 0.45436
    4.30000 0.49752
    4.31000 0.55089
    4.32000 0.58728
    4.33000 0.58543
    4.34000 0.54403
    4.35000 0.48289
    4.36000 0.42930
    4.37000 0.40125
    4.38000 0.40209
    4.39000 0.42577
    4.40000 0.46150
    4.41000 0.49521
    4.42000 0.51445
    4.43000 0.51638
    4.44000 0.50977
    4.45000 0.50705
    4.46000 0.51387
    4.47000 0.52534
    4.48000 0.53142
    4.49000 0.52646
    4.50000 0.51465
    4.51000 0.50675
    4.52000 0.51119
    4.53000 0.52804
    4.54000 0.55049
    4.55000 0.57124
    4.56000 0.58812
    4.57000 0.60530
    4.58000 0.62958
    4.59000 0.66372
    4.60000 0.70129
    4.61000 0.72792
    4.62000 0.72938
    4.63000 0.70025
    4.64000 0.64619
    4.65000 0.57988
    4.66000 0.51472
    4.67000 0.46023
    4.68000 0.42137
    4.69000 0.40064
    4.70000 0.39740
    4.71000 0.40380
    4.72000 0.40724
    4.73000 0.40182
    4.74000 0.39579
    4.75000 0.40468
    4.76000 0.43762
    4.77000 0.49066
    4.78000 0.55156
    4.79000 0.61050
    4.80000 0.66671
    4.81000 0.72497
    4.82000 0.78868
    4.83000 0.86123
    4.84000 0.95299
    4.85000 1.07608
    4.86000 1.22349
    4.87000 1.35802
    4.88000 1.43130
    4.89000 1.41729
    4.90000 1.32643
    4.91000 1.19081
    4.92000 1.04141
    4.93000 0.89910
    4.94000 0.77839
    4.95000 0.69045
    4.96000 0.64029
    4.97000 0.62320
    4.98000 0.62593
    4.99000 0.63224
    5.00000 0.62958
    5.01000 0.61395
    5.02000 0.59042
    5.03000 0.56794
    5.04000 0.55119
    5.05000 0.53758
    5.06000 0.52193
    5.07000 0.50179
    5.08000 0.47798
    5.09000 0.45588
    5.10000 0.44860
    5.11000 0.47056
    5.12000 0.51862
    5.13000 0.56304
    5.14000 0.56795
    5.15000 0.52408
    5.16000 0.45694
    5.17000 0.40292
    5.18000 0.38068
    5.19000 0.38309
    5.20000 0.39061
    5.21000 0.39122
    5.22000 0.38905
    5.23000 0.39571
    5.24000 0.41510
    5.25000 0.43707
    5.26000 0.44484
    5.27000 0.42881
    5.28000 0.39455
    5.29000 0.35754
    5.30000 0.33104
    5.31000 0.31892
    5.32000 0.31720
    5.33000 0.31919
    5.34000 0.32070
    5.35000 0.32345
    5.36000 0.33246
    5.37000 0.34789
    5.38000 0.36022
    5.39000 0.35683
    5.40000 0.33498
    5.41000 0.30663
    5.42000 0.28813
    5.43000 0.28535
    5.44000 0.29039
    5.45000 0.29286
    5.46000 0.29187
    5.47000 0.29468
    5.48000 0.30475
    5.49000 0.31544
    5.50000 0.31718
    5.51000 0.30767
    5.52000 0.29297
    5.53000 0.28145
    5.54000 0.27872
    5.55000 0.28594
    5.56000 0.29883
    5.57000 0.30902
    5.58000 0.31036
    5.59000 0.30483
    5.60000 0.30027
    5.61000 0.30132
    5.62000 0.30435
    5.63000 0.30054
    5.64000 0.28191
    5.65000 0.24490
    5.66000 0.19208
    5.67000 0.13254
    5.68000 0.07859
    5.69000 0.03931
    5.70000 0.01637
    5.71000 0.00562
    5.72000 0.00158
    5.73000 0.00036
    5.74000 0.00007
    5.75000 0.00001
    5.76000 0.00000
    5.77000 0.00000
    5.78000 0.00000
    5.79000 0.00000
    5.80000 0.00000
    5.81000 0.00000
    5.82000 0.00000
    5.83000 0.00000
    5.84000 0.00000
    5.85000 0.00000
    5.86000 0.00000
    5.87000 0.00000
    5.88000 0.00000
    5.89000 0.00000
    5.90000 0.00000
    5.91000 0.00000
    5.92000 0.00000
    5.93000 0.00000
    5.94000 0.00000
    5.95000 0.00000
    5.96000 0.00000
    5.97000 0.00000
    5.98000 0.00000
    5.99000 0.00000
    6.00000 0.00000
    6.01000 0.00000
    6.02000 0.00000
    6.03000 0.00000
    6.04000 0.00000
    6.05000 0.00000
    6.06000 0.00000
    6.07000 0.00000
    6.08000 0.00000
    6.09000 0.00000
    6.10000 0.00000
    6.11000 0.00000
    6.12000 0.00000
    6.13000 0.00000
    6.14000 0.00000
    6.15000 0.00000
    6.16000 0.00000
    6.17000 0.00000
    6.18000 0.00000
    6.19000 0.00000
    6.20000 0.00000
    6.21000 0.00000
    6.22000 0.00000
    6.23000 0.00000
    6.24000 0.00000
    6.25000 0.00000
    6.26000 0.00000
    6.27000 0.00000
    6.28000 0.00000
    6.29000 0.00000
    6.30000 0.00000
    6.31000 0.00000
    6.32000 0.00000
    6.33000 0.00000
    6.34000 0.00000
    6.35000 0.00000
    6.36000 0.00000
    6.37000 0.00000
    6.38000 0.00000
    6.39000 0.00000
    6.40000 0.00000
    6.41000 0.00000
    6.42000 0.00000
    6.43000 0.00000
    6.44000 0.00000
    6.45000 0.00000
    6.46000 0.00000
    6.47000 0.00000
    6.48000 0.00000
    6.49000 0.00000
    6.50000 0.00000
    6.51000 0.00000
    6.52000 0.00000
    6.53000 0.00000
    6.54000 0.00000
    6.55000 0.00000
    6.56000 0.00000
    6.57000 0.00000
    6.58000 0.00000
    6.59000 0.00000
    6.60000 0.00000
    6.61000 0.00000
    6.62000 0.00000
    6.63000 0.00000
    6.64000 0.00000
    6.65000 0.00000
    6.66000 0.00000
    6.67000 0.00000
    6.68000 0.00000
    6.69000 0.00000
    6.70000 0.00000
    6.71000 0.00000
    6.72000 0.00000
    6.73000 0.00000
    6.74000 0.00000
    6.75000 0.00000
    6.76000 0.00000
    6.77000 0.00000
    6.78000 0.00000
    6.79000 0.00000
    6.80000 0.00000
    6.81000 0.00000
    6.82000 0.00000
    6.83000 0.00000
    6.84000 0.00000
    6.85000 0.00000
    6.86000 0.00000
    6.87000 0.00000
    6.88000 0.00000
    6.89000 0.00000
    6.90000 0.00000
    6.91000 0.00000
    6.92000 0.00000
    6.93000 0.00000
    6.94000 0.00000
    6.95000 0.00000
    6.96000 0.00000
    6.97000 0.00000
    6.98000 0.00000
    6.99000 0.00000
    7.00000 0.00000
    7.01000 0.00000
    7.02000 0.00000
    7.03000 0.00003
    7.04000 0.00021
    7.05000 0.00101
    7.06000 0.00401
    7.07000 0.01287
    7.08000 0.03372
    7.09000 0.07259
    7.10000 0.12973
    7.11000 0.19558
    7.12000 0.25473
    7.13000 0.29646
    7.14000 0.32124
    7.15000 0.33673
    7.16000 0.34881
    7.17000 0.35736
    7.18000 0.35918
    7.19000 0.35356
    7.20000 0.34475
    7.21000 0.33842
    7.22000 0.33546
    7.23000 0.33102
    7.24000 0.32151
    7.25000 0.31145
    7.26000 0.31105
    7.27000 0.32650
    7.28000 0.35316
    7.29000 0.37780
    7.30000 0.38676
    7.31000 0.37415
    7.32000 0.34493
    7.33000 0.31191
    7.34000 0.28961
    7.35000 0.28949
    7.36000 0.31645
    7.37000 0.36351
    7.38000 0.40884
    7.39000 0.42498
    7.40000 0.39903
    7.41000 0.34519
    7.42000 0.29517
    7.43000 0.27622
    7.44000 0.29558
