    -5.05827 1.47917
    -5.04827 1.00548
    -5.03827 1.00016
    -5.02827 0.95901
    -5.01827 0.69955
    -5.00827 0.53801
    -4.99827 0.20383
    -4.98827 0.24385
    -4.97827 0.39406
    -4.96827 0.45460
    -4.95827 0.43725
    -4.94827 0.60822
    -4.93827 0.47995
    -4.92827 0.54072
    -4.91827 0.58981
    -4.90827 0.68554
    -4.89827 1.13358
    -4.88827 1.22789
    -4.87827 0.50581
    -4.86827 0.07855
    -4.85827 0.09938
    -4.84827 0.19639
    -4.83827 0.14201
    -4.82827 0.32416
    -4.81827 0.39460
    -4.80827 0.12361
    -4.79827 0.01198
    -4.78827 0.09424
    -4.77827 0.28886
    -4.76827 0.19261
    -4.75827 0.15192
    -4.74827 0.39022
    -4.73827 0.20144
    -4.72827 0.13037
    -4.71827 0.34966
    -4.70827 0.23772
    -4.69827 0.37288
    -4.68827 0.30381
    -4.67827 0.08912
    -4.66827 0.23109
    -4.65827 0.28957
    -4.64827 0.10674
    -4.63827 0.17091
    -4.62827 0.30589
    -4.61827 0.14090
    -4.60827 0.24738
    -4.59827 0.34409
    -4.58827 0.08140
    -4.57827 0.00311
    -4.56827 0.00894
    -4.55827 0.13184
    -4.54827 0.41946
    -4.53827 0.40093
    -4.52827 0.07931
    -4.51827 0.02160
    -4.50827 0.18739
    -4.49827 0.37306
    -4.48827 0.33730
    -4.47827 0.61366
    -4.46827 0.62656
    -4.45827 0.44339
    -4.44827 0.21787
    -4.43827 0.03290
    -4.42827 0.00084
    -4.41827 0.00000
    -4.40827 0.00000
    -4.39827 0.00000
    -4.38827 0.00068
    -4.37827 0.03497
    -4.36827 0.26208
    -4.35827 0.29326
    -4.34827 0.04975
    -4.33827 0.03220
    -4.32827 0.21147
    -4.31827 0.32590
    -4.30827 0.14749
    -4.29827 0.01314
    -4.28827 0.01404
    -4.27827 0.16872
    -4.26827 0.50600
    -4.25827 0.50822
    -4.24827 0.21928
    -4.23827 0.13859
    -4.22827 0.10831
    -4.21827 0.02101
    -4.20827 0.00274
    -4.19827 0.05006
    -4.18827 0.19197
    -4.17827 0.51618
    -4.16827 1.18178
    -4.15827 1.12033
    -4.14827 0.84894
    -4.13827 0.44325
    -4.12827 0.78727
    -4.11827 1.35303
    -4.10827 1.12133
    -4.09827 0.83857
    -4.08827 1.01135
    -4.07827 1.03436
    -4.06827 1.28339
    -4.05827 1.26310
    -4.04827 1.04825
    -4.03827 1.38427
    -4.02827 1.74300
    -4.01827 1.41701
    -4.00827 1.59414
    -3.99827 1.61580
    -3.98827 1.73731
    -3.97827 1.78940
    -3.96827 1.52043
    -3.95827 1.32863
    -3.94827 1.19768
    -3.93827 1.49604
    -3.92827 1.80696
    -3.91827 1.60354
    -3.90827 1.28792
    -3.89827 1.59371
    -3.88827 1.38564
    -3.87827 0.94784
    -3.86827 1.18071
    -3.85827 1.48799
    -3.84827 0.81331
    -3.83827 0.92473
    -3.82827 1.22856
    -3.81827 1.55834
    -3.80827 1.37261
    -3.79827 0.79958
    -3.78827 0.42285
    -3.77827 0.52214
    -3.76827 0.54383
    -3.75827 0.57203
    -3.74827 0.45901
    -3.73827 0.74953
    -3.72827 0.44464
    -3.71827 0.72679
    -3.70827 0.99355
    -3.69827 0.74351
    -3.68827 1.04597
    -3.67827 0.48703
    -3.66827 0.12231
    -3.65827 0.06401
    -3.64827 0.00783
    -3.63827 0.00708
    -3.62827 0.09718
    -3.61827 0.22769
    -3.60827 0.43206
    -3.59827 0.93148
    -3.58827 0.96960
    -3.57827 0.81782
    -3.56827 0.46288
    -3.55827 0.21020
    -3.54827 0.07008
    -3.53827 0.08935
    -3.52827 0.02904
    -3.51827 0.07904
    -3.50827 0.49182
    -3.49827 0.61159
    -3.48827 0.58760
    -3.47827 0.76548
    -3.46827 0.69447
    -3.45827 0.57652
    -3.44827 0.77041
    -3.43827 1.17450
    -3.42827 0.90715
    -3.41827 0.62097
    -3.40827 0.70507
    -3.39827 0.81421
    -3.38827 0.93209
    -3.37827 1.15508
    -3.36827 1.08733
    -3.35827 1.05383
    -3.34827 0.90813
    -3.33827 1.06585
    -3.32827 1.30594
    -3.31827 1.56776
    -3.30827 1.97561
    -3.29827 1.49818
    -3.28827 1.04723
    -3.27827 1.18806
    -3.26827 1.73757
    -3.25827 1.61216
    -3.24827 1.23582
    -3.23827 1.59852
    -3.22827 1.63544
    -3.21827 1.53434
    -3.20827 1.50125
    -3.19827 2.11371
    -3.18827 2.26914
    -3.17827 1.58752
    -3.16827 0.65995
    -3.15827 1.00155
    -3.14827 1.40843
    -3.13827 0.89816
    -3.12827 0.71753
    -3.11827 1.08911
    -3.10827 1.35842
    -3.09827 1.20610
    -3.08827 0.70886
    -3.07827 0.56692
    -3.06827 0.85004
    -3.05827 0.83473
    -3.04827 0.57091
    -3.03827 0.79006
    -3.02827 0.85156
    -3.01827 0.64446
    -3.00827 0.80542
    -2.99827 0.95875
    -2.98827 0.45600
    -2.97827 0.22471
    -2.96827 0.32914
    -2.95827 0.50250
    -2.94827 0.91689
    -2.93827 0.98844
    -2.92827 0.78771
    -2.91827 0.58531
    -2.90827 0.36868
    -2.89827 0.07481
    -2.88827 0.00263
    -2.87827 0.00097
    -2.86827 0.05733
    -2.85827 0.49256
    -2.84827 0.66253
    -2.83827 0.50499
    -2.82827 0.55957
    -2.81827 0.21989
    -2.80827 0.38124
    -2.79827 0.66638
    -2.78827 1.33136
    -2.77827 1.31678
    -2.76827 0.41681
    -2.75827 0.34467
    -2.74827 0.44110
    -2.73827 0.73082
    -2.72827 0.60169
    -2.71827 0.54085
    -2.70827 0.59125
    -2.69827 0.63768
    -2.68827 0.73194
    -2.67827 0.59627
    -2.66827 0.32172
    -2.65827 0.06258
    -2.64827 0.13604
    -2.63827 0.60307
    -2.62827 0.77209
    -2.61827 0.81909
    -2.60827 0.65493
    -2.59827 0.12121
    -2.58827 0.00347
    -2.57827 0.00083
    -2.56827 0.04020
    -2.55827 0.28335
    -2.54827 0.49241
    -2.53827 1.04884
    -2.52827 0.96312
    -2.51827 0.20744
    -2.50827 0.30292
    -2.49827 0.57002
    -2.48827 0.84219
    -2.47827 1.14853
    -2.46827 1.00624
    -2.45827 0.25097
    -2.44827 0.28597
    -2.43827 0.51066
    -2.42827 0.46199
    -2.41827 0.67065
    -2.40827 0.53966
    -2.39827 0.52222
    -2.38827 0.29767
    -2.37827 0.16522
    -2.36827 0.48762
    -2.35827 0.46329
    -2.34827 0.51769
    -2.33827 0.74983
    -2.32827 0.88846
    -2.31827 0.69370
    -2.30827 0.20804
    -2.29827 0.23161
    -2.28827 0.69550
    -2.27827 0.53693
    -2.26827 0.32531
    -2.25827 0.26779
    -2.24827 0.46841
    -2.23827 0.55873
    -2.22827 0.66062
    -2.21827 0.91990
    -2.20827 0.95666
    -2.19827 0.92122
    -2.18827 0.95984
    -2.17827 0.93384
    -2.16827 0.98843
    -2.15827 0.85163
    -2.14827 0.75430
    -2.13827 0.77441
    -2.12827 0.97299
    -2.11827 0.78088
    -2.10827 0.72815
    -2.09827 0.80834
    -2.08827 0.71722
    -2.07827 0.87291
    -2.06827 0.81237
    -2.05827 0.77798
    -2.04827 0.79445
    -2.03827 0.83983
    -2.02827 1.17405
    -2.01827 1.38062
    -2.00827 1.36629
    -1.99827 1.21146
    -1.98827 0.81775
    -1.97827 0.89873
    -1.96827 1.10225
    -1.95827 1.10806
    -1.94827 1.10736
    -1.93827 0.80583
    -1.92827 0.76271
    -1.91827 0.96035
    -1.90827 0.95999
    -1.89827 1.15460
    -1.88827 1.36935
    -1.87827 0.92863
    -1.86827 1.10030
    -1.85827 1.36824
    -1.84827 0.96799
    -1.83827 0.37315
    -1.82827 0.52731
    -1.81827 0.54587
    -1.80827 0.69142
    -1.79827 0.74686
    -1.78827 0.47164
    -1.77827 0.46138
    -1.76827 0.63764
    -1.75827 0.45761
    -1.74827 0.18478
    -1.73827 0.50746
    -1.72827 0.93204
    -1.71827 1.01280
    -1.70827 0.93263
    -1.69827 0.57181
    -1.68827 0.56451
    -1.67827 0.53905
    -1.66827 0.64411
    -1.65827 0.68463
    -1.64827 0.41981
    -1.63827 0.50375
    -1.62827 0.53586
    -1.61827 0.74233
    -1.60827 0.64065
    -1.59827 0.22627
    -1.58827 0.23453
    -1.57827 0.52425
    -1.56827 0.32734
    -1.55827 0.50709
    -1.54827 0.53954
    -1.53827 0.48014
    -1.52827 0.41465
    -1.51827 0.17066
    -1.50827 0.34604
    -1.49827 0.73562
    -1.48827 0.52514
    -1.47827 0.32236
    -1.46827 0.57861
    -1.45827 0.57849
    -1.44827 0.28193
    -1.43827 0.33960
    -1.42827 0.27901
    -1.41827 0.36356
    -1.40827 0.65109
    -1.39827 0.40191
    -1.38827 0.29586
    -1.37827 0.42459
    -1.36827 0.19091
    -1.35827 0.11564
    -1.34827 0.30757
    -1.33827 0.20107
    -1.32827 0.07001
    -1.31827 0.21250
    -1.30827 0.62373
    -1.29827 0.38748
    -1.28827 0.14945
    -1.27827 0.09709
    -1.26827 0.23357
    -1.25827 0.43490
    -1.24827 0.37399
    -1.23827 0.46322
    -1.22827 0.59851
    -1.21827 0.39969
    -1.20827 0.33494
    -1.19827 0.26249
    -1.18827 0.31627
    -1.17827 0.31579
    -1.16827 0.37442
    -1.15827 0.34107
    -1.14827 0.36563
    -1.13827 0.32199
    -1.12827 0.21755
    -1.11827 0.31300
    -1.10827 0.35613
    -1.09827 0.41391
    -1.08827 0.81170
    -1.07827 0.93547
    -1.06827 0.84904
    -1.05827 0.64886
    -1.04827 0.74246
    -1.03827 0.66095
    -1.02827 0.62056
    -1.01827 0.62525
    -1.00827 0.94358
    -0.99827 0.93203
    -0.98827 0.88633
    -0.97827 0.55382
    -0.96827 0.39409
    -0.95827 0.37149
    -0.94827 0.90189
    -0.93827 1.34999
    -0.92827 2.35210
    -0.91827 2.09551
    -0.90827 1.25792
    -0.89827 1.41084
    -0.88827 1.21198
    -0.87827 1.42153
    -0.86827 0.75541
    -0.85827 0.53864
    -0.84827 1.90841
    -0.83827 3.03034
    -0.82827 2.21766
    -0.81827 1.14409
    -0.80827 0.95045
    -0.79827 1.47267
    -0.78827 1.08544
    -0.77827 0.55103
    -0.76827 1.17610
    -0.75827 1.65618
    -0.74827 1.73089
    -0.73827 1.83747
    -0.72827 1.19340
    -0.71827 1.12281
    -0.70827 1.13247
    -0.69827 0.94726
    -0.68827 1.26226
    -0.67827 1.96854
    -0.66827 1.72622
    -0.65827 1.42944
    -0.64827 0.56684
    -0.63827 0.41303
    -0.62827 0.39789
    -0.61827 0.57131
    -0.60827 1.32222
    -0.59827 1.53365
    -0.58827 1.42172
    -0.57827 1.36359
    -0.56827 1.33666
    -0.55827 0.56873
    -0.54827 0.34446
    -0.53827 0.89195
    -0.52827 1.24573
    -0.51827 1.97910
    -0.50827 1.58090
    -0.49827 1.12684
    -0.48827 0.90247
    -0.47827 1.19113
    -0.46827 0.99142
    -0.45827 0.42186
    -0.44827 0.06484
    -0.43827 0.44210
    -0.42827 1.27399
    -0.41827 1.23215
    -0.40827 1.61662
    -0.39827 1.67911
    -0.38827 1.02045
    -0.37827 0.77178
    -0.36827 0.49686
    -0.35827 0.64174
    -0.34827 0.99454
    -0.33827 0.79907
    -0.32827 0.93319
    -0.31827 1.05110
    -0.30827 0.96311
    -0.29827 1.04498
    -0.28827 0.75961
    -0.27827 0.47782
    -0.26827 1.33066
    -0.25827 1.04618
    -0.24827 0.42837
    -0.23827 0.55869
    -0.22827 0.60671
    -0.21827 0.55054
    -0.20827 0.44062
    -0.19827 0.53486
    -0.18827 0.36890
    -0.17827 0.46254
    -0.16827 0.46444
    -0.15827 0.26850
    -0.14827 0.28835
    -0.13827 0.32994
    -0.12827 0.05496
    -0.11827 0.00125
    -0.10827 0.00185
    -0.09827 0.05118
    -0.08827 0.19471
    -0.07827 0.15569
    -0.06827 0.20132
    -0.05827 0.08874
    -0.04827 0.01050
    -0.03827 0.12105
    -0.02827 0.39403
    -0.01827 0.17366
    -0.00827 0.01036
    0.00173 0.00008
    0.01173 0.00000
    0.02173 0.00000
    0.03173 0.00000
    0.04173 0.00000
    0.05173 0.00000
    0.06173 0.00000
    0.07173 0.00000
    0.08173 0.00000
    0.09173 0.00000
    0.10173 0.00000
    0.11173 0.00000
    0.12173 0.00000
    0.13173 0.00000
    0.14173 0.00000
    0.15173 0.00000
    0.16173 0.00000
    0.17173 0.00000
    0.18173 0.00000
    0.19173 0.00000
    0.20173 0.00000
    0.21173 0.00000
    0.22173 0.00000
    0.23173 0.00000
    0.24173 0.00000
    0.25173 0.00000
    0.26173 0.00000
    0.27173 0.00000
    0.28173 0.00000
    0.29173 0.00000
    0.30173 0.00000
    0.31173 0.00000
    0.32173 0.00000
    0.33173 0.00000
    0.34173 0.00000
    0.35173 0.00000
    0.36173 0.00000
    0.37173 0.00000
    0.38173 0.00000
    0.39173 0.00000
    0.40173 0.00000
    0.41173 0.00000
    0.42173 0.00000
    0.43173 0.00000
    0.44173 0.00000
    0.45173 0.00000
    0.46173 0.00000
    0.47173 0.00000
    0.48173 0.00000
    0.49173 0.00000
    0.50173 0.00000
    0.51173 0.00000
    0.52173 0.00000
    0.53173 0.00000
    0.54173 0.00000
    0.55173 0.00000
    0.56173 0.00000
    0.57173 0.00000
    0.58173 0.00000
    0.59173 0.00000
    0.60173 0.00000
    0.61173 0.00000
    0.62173 0.00000
    0.63173 0.00000
    0.64173 0.00000
    0.65173 0.00000
    0.66173 0.00000
    0.67173 0.00000
    0.68173 0.00000
    0.69173 0.00000
    0.70173 0.00000
    0.71173 0.00000
    0.72173 0.00000
    0.73173 0.00000
    0.74173 0.00000
    0.75173 0.00000
    0.76173 0.00000
    0.77173 0.00000
    0.78173 0.00000
    0.79173 0.00000
    0.80173 0.00000
    0.81173 0.00000
    0.82173 0.00000
    0.83173 0.00000
    0.84173 0.00000
    0.85173 0.00000
    0.86173 0.00000
    0.87173 0.00000
    0.88173 0.00000
    0.89173 0.00000
    0.90173 0.00000
    0.91173 0.00000
    0.92173 0.00000
    0.93173 0.00000
    0.94173 0.00000
    0.95173 0.00000
    0.96173 0.00000
    0.97173 0.00000
    0.98173 0.00000
    0.99173 0.00000
    1.00173 0.00000
    1.01173 0.00000
    1.02173 0.00000
    1.03173 0.00000
    1.04173 0.00000
    1.05173 0.00000
    1.06173 0.00000
    1.07173 0.00000
    1.08173 0.00000
    1.09173 0.00000
    1.10173 0.00000
    1.11173 0.00000
    1.12173 0.00000
    1.13173 0.00000
    1.14173 0.00000
    1.15173 0.00000
    1.16173 0.00000
    1.17173 0.00000
    1.18173 0.00000
    1.19173 0.00000
    1.20173 0.00000
    1.21173 0.00000
    1.22173 0.00000
    1.23173 0.00000
    1.24173 0.00000
    1.25173 0.00000
    1.26173 0.00000
    1.27173 0.00000
    1.28173 0.00000
    1.29173 0.00000
    1.30173 0.00000
    1.31173 0.00000
    1.32173 0.00000
    1.33173 0.00000
    1.34173 0.00000
    1.35173 0.00000
    1.36173 0.00000
    1.37173 0.00000
    1.38173 0.00000
    1.39173 0.00000
    1.40173 0.00000
    1.41173 0.00000
    1.42173 0.00000
    1.43173 0.00000
    1.44173 0.00000
    1.45173 0.00000
    1.46173 0.00000
    1.47173 0.00000
    1.48173 0.00000
    1.49173 0.00000
    1.50173 0.00000
    1.51173 0.00000
    1.52173 0.00000
    1.53173 0.00000
    1.54173 0.00000
    1.55173 0.00000
    1.56173 0.00000
    1.57173 0.00000
    1.58173 0.00000
    1.59173 0.00000
    1.60173 0.00000
    1.61173 0.00000
    1.62173 0.00000
    1.63173 0.00000
    1.64173 0.00000
    1.65173 0.00000
    1.66173 0.00000
    1.67173 0.00000
    1.68173 0.00000
    1.69173 0.00000
    1.70173 0.00000
    1.71173 0.00000
    1.72173 0.00001
    1.73173 0.00276
    1.74173 0.07783
    1.75173 0.36317
    1.76173 0.36255
    1.77173 0.31264
    1.78173 0.92083
    1.79173 0.90354
    1.80173 0.48164
    1.81173 0.58768
    1.82173 0.76955
    1.83173 0.68388
    1.84173 1.43079
    1.85173 1.22827
    1.86173 0.53686
    1.87173 0.75517
    1.88173 0.78091
    1.89173 0.56311
    1.90173 0.83710
    1.91173 0.70799
    1.92173 1.05804
    1.93173 1.96882
    1.94173 2.23774
    1.95173 1.41568
    1.96173 0.91955
    1.97173 1.58992
    1.98173 1.59391
    1.99173 1.02630
    2.00173 1.22175
    2.01173 1.12313
    2.02173 1.39899
    2.03173 1.83918
    2.04173 1.99495
    2.05173 1.56393
    2.06173 1.28545
    2.07173 1.20317
    2.08173 0.98850
    2.09173 1.44917
    2.10173 2.07383
    2.11173 2.38460
    2.12173 2.90433
    2.13173 2.22441
    2.14173 1.97562
    2.15173 1.70737
    2.16173 1.96276
    2.17173 1.83670
    2.18173 1.45883
    2.19173 1.12017
    2.20173 1.58858
    2.21173 2.01637
    2.22173 2.53159
    2.23173 2.34255
    2.24173 1.28816
    2.25173 1.34674
    2.26173 2.49366
    2.27173 2.81159
    2.28173 2.72838
    2.29173 2.98158
    2.30173 2.80304
    2.31173 1.97060
    2.32173 1.50510
    2.33173 1.53080
    2.34173 1.10561
    2.35173 0.85298
    2.36173 0.78405
    2.37173 1.64726
    2.38173 2.03519
    2.39173 2.53194
    2.40173 2.27248
    2.41173 1.79876
    2.42173 2.36928
    2.43173 1.97657
    2.44173 1.34392
    2.45173 0.81448
    2.46173 1.10272
    2.47173 1.94159
    2.48173 2.31231
    2.49173 2.52976
    2.50173 2.43773
    2.51173 2.01433
    2.52173 2.32464
    2.53173 2.55243
    2.54173 2.44179
    2.55173 1.97384
    2.56173 2.08042
    2.57173 1.81661
    2.58173 1.53535
    2.59173 2.07364
    2.60173 2.15959
    2.61173 2.57618
    2.62173 2.51729
    2.63173 1.82787
    2.64173 1.71666
    2.65173 1.73092
    2.66173 1.95652
    2.67173 2.55351
    2.68173 1.60013
    2.69173 0.85440
    2.70173 1.37007
    2.71173 1.85052
    2.72173 2.22268
    2.73173 3.36793
    2.74173 2.42621
    2.75173 1.65927
    2.76173 1.66240
    2.77173 1.34168
    2.78173 1.53221
    2.79173 2.21394
    2.80173 1.81273
    2.81173 0.78215
    2.82173 1.01801
    2.83173 1.42652
    2.84173 1.08964
    2.85173 0.78472
    2.86173 1.33066
    2.87173 2.63832
    2.88173 2.58360
    2.89173 1.41702
    2.90173 1.15528
    2.91173 1.62085
    2.92173 2.05109
    2.93173 3.54889
    2.94173 2.52165
    2.95173 1.04827
    2.96173 0.86565
    2.97173 1.58116
    2.98173 0.97126
    2.99173 0.55251
    3.00173 0.93182
    3.01173 1.09024
    3.02173 1.18066
    3.03173 1.79176
    3.04173 0.85260
    3.05173 0.59623
    3.06173 0.96276
    3.07173 0.93124
    3.08173 1.59139
    3.09173 1.17856
    3.10173 0.22120
    3.11173 0.26155
    3.12173 0.66483
    3.13173 0.96477
    3.14173 0.99492
    3.15173 1.05248
    3.16173 0.86805
    3.17173 0.74843
    3.18173 1.03369
    3.19173 0.99978
    3.20173 1.39166
    3.21173 1.03970
    3.22173 0.98445
    3.23173 0.97559
    3.24173 0.92275
    3.25173 0.87903
    3.26173 0.68341
    3.27173 0.44193
    3.28173 0.47906
    3.29173 0.48699
    3.30173 0.69229
    3.31173 0.73170
    3.32173 0.47864
    3.33173 0.35656
    3.34173 0.41827
    3.35173 0.82581
    3.36173 0.80208
    3.37173 0.29290
    3.38173 0.28677
    3.39173 1.05420
    3.40173 1.19097
    3.41173 0.45685
    3.42173 0.42643
    3.43173 0.50320
    3.44173 0.36552
    3.45173 0.30809
    3.46173 0.73127
    3.47173 1.22313
    3.48173 0.65457
    3.49173 0.63537
    3.50173 0.88924
    3.51173 1.03821
    3.52173 0.84092
    3.53173 0.70695
    3.54173 0.53618
    3.55173 0.35549
    3.56173 0.19450
    3.57173 0.50079
    3.58173 0.35177
    3.59173 0.23146
    3.60173 0.19665
    3.61173 0.54004
    3.62173 0.51139
    3.63173 0.23906
    3.64173 0.39751
    3.65173 0.30307
    3.66173 0.09174
    3.67173 0.28175
    3.68173 0.66767
    3.69173 0.60871
    3.70173 0.24786
    3.71173 0.61291
    3.72173 0.81585
    3.73173 0.66706
    3.74173 0.62906
    3.75173 0.73870
    3.76173 0.68800
    3.77173 0.95441
    3.78173 0.90973
    3.79173 0.79591
    3.80173 0.57010
    3.81173 0.34869
    3.82173 0.31374
    3.83173 0.32617
    3.84173 0.33468
    3.85173 0.49365
    3.86173 0.73961
    3.87173 0.40910
    3.88173 0.26629
    3.89173 0.46616
    3.90173 0.33311
    3.91173 0.08974
    3.92173 0.11312
    3.93173 0.11231
    3.94173 0.37462
    3.95173 0.35003
    3.96173 0.38516
    3.97173 0.56798
    3.98173 0.52669
    3.99173 0.35234
    4.00173 0.42531
    4.01173 0.52367
    4.02173 0.66457
    4.03173 0.63645
    4.04173 0.48490
    4.05173 0.49426
    4.06173 0.29593
    4.07173 0.13115
    4.08173 0.42161
    4.09173 0.89376
    4.10173 0.91265
    4.11173 0.91165
    4.12173 0.89658
    4.13173 0.86311
    4.14173 1.06938
    4.15173 1.35254
    4.16173 1.31531
    4.17173 1.12034
    4.18173 1.04255
    4.19173 1.33069
    4.20173 2.10395
    4.21173 1.78727
    4.22173 1.20976
    4.23173 0.82697
    4.24173 0.83241
    4.25173 0.81810
    4.26173 0.81726
    4.27173 0.71236
    4.28173 0.60102
    4.29173 0.60239
    4.30173 0.76322
    4.31173 0.99977
    4.32173 0.95303
    4.33173 0.62065
    4.34173 0.23091
    4.35173 0.21669
    4.36173 0.54758
    4.37173 0.53382
    4.38173 0.50892
    4.39173 0.66710
    4.40173 0.40328
    4.41173 0.28136
    4.42173 0.67371
    4.43173 0.59133
    4.44173 0.35618
    4.45173 0.24928
    4.46173 0.26780
    4.47173 0.18974
    4.48173 0.42495
    4.49173 1.05986
    4.50173 1.08062
    4.51173 0.44959
    4.52173 0.39182
    4.53173 0.33343
    4.54173 0.28482
    4.55173 0.46178
    4.56173 0.58904
    4.57173 0.54629
    4.58173 0.33174
    4.59173 0.09278
    4.60173 0.12691
    4.61173 0.20240
    4.62173 0.54173
    4.63173 0.52402
    4.64173 0.28610
    4.65173 0.04893
    4.66173 0.01222
    4.67173 0.18040
    4.68173 0.52503
    4.69173 0.45034
    4.70173 0.34643
    4.71173 0.31729
    4.72173 0.23629
    4.73173 0.32440
    4.74173 0.49406
    4.75173 0.26057
    4.76173 0.29702
    4.77173 0.16036
    4.78173 0.08800
    4.79173 0.28986
    4.80173 0.20808
    4.81173 0.38557
    4.82173 0.41292
    4.83173 0.23676
    4.84173 0.30798
    4.85173 0.28431
    4.86173 0.31990
    4.87173 0.12678
    4.88173 0.00766
    4.89173 0.02381
    4.90173 0.17802
    4.91173 0.25706
    4.92173 0.07649
    4.93173 0.01050
    4.94173 0.12205
    4.95173 0.30692
    4.96173 0.10449
    4.97173 0.00481
    4.98173 0.00003
    4.99173 0.00000
    5.00173 0.00000
    5.01173 0.00000
    5.02173 0.00000
    5.03173 0.00000
    5.04173 0.00000
    5.05173 0.00000
    5.06173 0.00000
    5.07173 0.00000
    5.08173 0.00000
    5.09173 0.00000
    5.10173 0.00000
    5.11173 0.00000
    5.12173 0.00000
    5.13173 0.00000
    5.14173 0.00000
    5.15173 0.00000
    5.16173 0.00000
    5.17173 0.00000
    5.18173 0.00000
    5.19173 0.00000
    5.20173 0.00000
    5.21173 0.00000
    5.22173 0.00000
    5.23173 0.00000
    5.24173 0.00000
    5.25173 0.00000
    5.26173 0.00000
    5.27173 0.00000
    5.28173 0.00000
    5.29173 0.00000
    5.30173 0.00000
    5.31173 0.00000
    5.32173 0.00000
    5.33173 0.00000
    5.34173 0.00000
    5.35173 0.00000
    5.36173 0.00000
    5.37173 0.00000
    5.38173 0.00000
    5.39173 0.00000
    5.40173 0.00000
    5.41173 0.00000
    5.42173 0.00000
    5.43173 0.00000
    5.44173 0.00000
    5.45173 0.00000
    5.46173 0.00000
    5.47173 0.00000
    5.48173 0.00000
    5.49173 0.00000
    5.50173 0.00000
    5.51173 0.00000
    5.52173 0.00000
    5.53173 0.00000
    5.54173 0.00000
    5.55173 0.00000
    5.56173 0.00000
    5.57173 0.00000
    5.58173 0.00000
    5.59173 0.00000
    5.60173 0.00000
    5.61173 0.00000
    5.62173 0.00000
    5.63173 0.00000
    5.64173 0.00000
    5.65173 0.00000
    5.66173 0.00000
    5.67173 0.00000
    5.68173 0.00000
    5.69173 0.00000
    5.70173 0.00000
    5.71173 0.00000
    5.72173 0.00000
    5.73173 0.00000
    5.74173 0.00000
    5.75173 0.00000
    5.76173 0.00000
    5.77173 0.00000
    5.78173 0.00000
    5.79173 0.00000
    5.80173 0.00000
    5.81173 0.00000
    5.82173 0.00000
    5.83173 0.00000
    5.84173 0.00000
    5.85173 0.00000
    5.86173 0.00000
    5.87173 0.00000
    5.88173 0.00000
    5.89173 0.00000
    5.90173 0.00000
    5.91173 0.00000
    5.92173 0.00000
    5.93173 0.00000
    5.94173 0.00000
    5.95173 0.00000
    5.96173 0.00000
    5.97173 0.00000
    5.98173 0.00000
    5.99173 0.00000
    6.00173 0.00000
    6.01173 0.00000
    6.02173 0.00000
    6.03173 0.00000
    6.04173 0.00000
    6.05173 0.00000
    6.06173 0.00000
    6.07173 0.00000
    6.08173 0.00000
    6.09173 0.00000
    6.10173 0.00000
    6.11173 0.00000
    6.12173 0.00106
    6.13173 0.05080
    6.14173 0.38077
    6.15173 0.49309
    6.16173 0.23198
    6.17173 0.30400
    6.18173 0.33657
    6.19173 0.22126
    6.20173 0.02671
    6.21173 0.00048
    6.22173 0.00476
    6.23173 0.10030
    6.24173 0.29397
    6.25173 0.23447
    6.26173 0.30852
    6.27173 0.28979
    6.28173 0.43014
    6.29173 0.31876
    6.30173 0.06044
    6.31173 0.00177
    6.32173 0.00001
    6.33173 0.00000
    6.34173 0.00000
    6.35173 0.00049
    6.36173 0.03607
    6.37173 0.39188
    6.38173 0.95874
    6.39173 1.30688
    6.40173 0.58521
    6.41173 0.24523
    6.42173 0.33452
    6.43173 0.53913
    6.44173 0.68596
    6.45173 0.23774
    6.46173 0.01566
    6.47173 0.00034
    6.48173 0.01879
    6.49173 0.28823
    6.50173 0.68321
    6.51173 0.32368
    6.52173 0.36086
    6.53173 0.73588
    6.54173 0.65728
    6.55173 0.21225
    6.56173 0.05770
    6.57173 0.24896
    6.58173 0.19483
    6.59173 0.02071
    6.60173 0.00535
    6.61173 0.10338
    6.62173 0.28914
    6.63173 0.18462
    6.64173 0.48273
    6.65173 0.41514
    6.66173 0.06210
    6.67173 0.22005
    6.68173 0.66559
    6.69173 0.94858
    6.70173 1.17276
    6.71173 0.43918
    6.72173 0.03065
    6.73173 0.00034
    6.74173 0.00448
    6.75173 0.13558
    6.76173 0.60577
    6.77173 0.68371
    6.78173 0.82759
    6.79173 0.87468
    6.80173 0.68763
    6.81173 0.37846
    6.82173 0.18416
    6.83173 0.36309
    6.84173 0.41139
    6.85173 0.39218
    6.86173 0.73246
    6.87173 0.69282
    6.88173 0.33256
    6.89173 0.04310
    6.90173 0.08402
    6.91173 0.28577
    6.92173 0.13862
    6.93173 0.01100
    6.94173 0.10223
    6.95173 1.03205
    6.96173 1.81011
    6.97173 1.00553
    6.98173 0.46032
    6.99173 0.10062
    7.00173 0.26376
    7.01173 0.41434
    7.02173 0.26970
    7.03173 0.06059
    7.04173 0.19273
    7.05173 0.32533
    7.06173 0.21358
    7.07173 0.15707
    7.08173 0.18399
    7.09173 0.50418
    7.10173 0.75559
    7.11173 0.21327
    7.12173 0.08674
    7.13173 0.27936
    7.14173 0.18270
    7.15173 0.31053
    7.16173 0.58677
    7.17173 0.79473
    7.18173 1.18705
    7.19173 1.02579
    7.20173 0.91121
    7.21173 0.84597
    7.22173 0.84606
    7.23173 0.67571
    7.24173 0.99535
    7.25173 1.42933
    7.26173 1.10692
    7.27173 0.26730
    7.28173 0.02325
    7.29173 0.14901
    7.30173 0.27488
    7.31173 0.06937
    7.32173 0.01122
    7.33173 0.13601
    7.34173 0.33507
    7.35173 0.51571
    7.36173 1.06538
    7.37173 1.12002
    7.38173 0.51510
    7.39173 0.28087
    7.40173 0.20061
    7.41173 0.02337
    7.42173 0.00689
    7.43173 0.11403
    7.44173 0.43333
    7.45173 0.67997
    7.46173 0.52683
    7.47173 0.33970
    7.48173 0.11610
    7.49173 0.18988
    7.50173 0.25456
    7.51173 0.13399
    7.52173 0.68186
    7.53173 1.12870
    7.54173 0.56492
    7.55173 0.12574
    7.56173 0.01350
    7.57173 0.08589
    7.58173 0.30341
    7.59173 0.25207
    7.60173 0.18152
    7.61173 0.54879
    7.62173 0.66529
    7.63173 0.29055
    7.64173 0.31131
