    -5.05827 1.70321
    -5.04827 1.21808
    -5.03827 1.28155
    -5.02827 1.32635
    -5.01827 1.05231
    -5.00827 0.91722
    -4.99827 0.37478
    -4.98827 0.47024
    -4.97827 0.75053
    -4.96827 0.86691
    -4.95827 0.79897
    -4.94827 1.06300
    -4.93827 0.80683
    -4.92827 0.82841
    -4.91827 0.83306
    -4.90827 0.89923
    -4.89827 1.49787
    -4.88827 1.67489
    -4.87827 0.72394
    -4.86827 0.12294
    -4.85827 0.15078
    -4.84827 0.29972
    -4.83827 0.25257
    -4.82827 0.58929
    -4.81827 0.67917
    -4.80827 0.21159
    -4.79827 0.02128
    -4.78827 0.17533
    -4.77827 0.55044
    -4.76827 0.37401
    -4.75827 0.22346
    -4.74827 0.53463
    -4.73827 0.27683
    -4.72827 0.22747
    -4.71827 0.62583
    -4.70827 0.37342
    -4.69827 0.44252
    -4.68827 0.34782
    -4.67827 0.12007
    -4.66827 0.37697
    -4.65827 0.48502
    -4.64827 0.18334
    -4.63827 0.31040
    -4.62827 0.57259
    -4.61827 0.26020
    -4.60827 0.37861
    -4.59827 0.51774
    -4.58827 0.12155
    -4.57827 0.00461
    -4.56827 0.01226
    -4.55827 0.18423
    -4.54827 0.62217
    -4.53827 0.62782
    -4.52827 0.12637
    -4.51827 0.02851
    -4.50827 0.23935
    -4.49827 0.47035
    -4.48827 0.45285
    -4.47827 0.88456
    -4.46827 0.89299
    -4.45827 0.70677
    -4.44827 0.39582
    -4.43827 0.06176
    -4.42827 0.00158
    -4.41827 0.00001
    -4.40827 0.00000
    -4.39827 0.00000
    -4.38827 0.00118
    -4.37827 0.06032
    -4.36827 0.45167
    -4.35827 0.50496
    -4.34827 0.08538
    -4.33827 0.04598
    -4.32827 0.29807
    -4.31827 0.45274
    -4.30827 0.20249
    -4.29827 0.01803
    -4.28827 0.02236
    -4.27827 0.27259
    -4.26827 0.84350
    -4.25827 0.86814
    -4.24827 0.33892
    -4.23827 0.17672
    -4.22827 0.13154
    -4.21827 0.02542
    -4.20827 0.00540
    -4.19827 0.10855
    -4.18827 0.38161
    -4.17827 0.68233
    -4.16827 1.42096
    -4.15827 1.37817
    -4.14827 0.95823
    -4.13827 0.47542
    -4.12827 0.90890
    -4.11827 1.65562
    -4.10827 1.30232
    -4.09827 0.97439
    -4.08827 1.25269
    -4.07827 1.32814
    -4.06827 1.62834
    -4.05827 1.75781
    -4.04827 1.60700
    -4.03827 1.90465
    -4.02827 2.39244
    -4.01827 1.95173
    -4.00827 2.19084
    -3.99827 2.31068
    -3.98827 2.56925
    -3.97827 2.74283
    -3.96827 2.35668
    -3.95827 2.13691
    -3.94827 2.01534
    -3.93827 2.38113
    -3.92827 2.82030
    -3.91827 2.58451
    -3.90827 2.04609
    -3.89827 2.42897
    -3.88827 2.11465
    -3.87827 1.54523
    -3.86827 2.01220
    -3.85827 2.42878
    -3.84827 1.22467
    -3.83827 1.30483
    -3.82827 1.82489
    -3.81827 2.40247
    -3.80827 2.24008
    -3.79827 1.37929
    -3.78827 0.57201
    -3.77827 0.63984
    -3.76827 0.97010
    -3.75827 1.08941
    -3.74827 0.73860
    -3.73827 1.03736
    -3.72827 0.59948
    -3.71827 0.96089
    -3.70827 1.38059
    -3.69827 1.13876
    -3.68827 1.51891
    -3.67827 0.71479
    -3.66827 0.22490
    -3.65827 0.12499
    -3.64827 0.01527
    -3.63827 0.01173
    -3.62827 0.16034
    -3.61827 0.37470
    -3.60827 0.71231
    -3.59827 1.46983
    -3.58827 1.24761
    -3.57827 0.89720
    -3.56827 0.59947
    -3.55827 0.33383
    -3.54827 0.11887
    -3.53827 0.15676
    -3.52827 0.04918
    -3.51827 0.06762
    -3.50827 0.45420
    -3.49827 0.72249
    -3.48827 0.96833
    -3.47827 1.36513
    -3.46827 1.25785
    -3.45827 0.99934
    -3.44827 1.14416
    -3.43827 1.54341
    -3.42827 1.34462
    -3.41827 0.97292
    -3.40827 0.81877
    -3.39827 0.93234
    -3.38827 1.48876
    -3.37827 1.88848
    -3.36827 1.82760
    -3.35827 1.77307
    -3.34827 1.46877
    -3.33827 1.79376
    -3.32827 2.48628
    -3.31827 2.86084
    -3.30827 3.23015
    -3.29827 2.28820
    -3.28827 1.71293
    -3.27827 1.74379
    -3.26827 2.54148
    -3.25827 2.44776
    -3.24827 1.92394
    -3.23827 2.04175
    -3.22827 1.99848
    -3.21827 1.95814
    -3.20827 2.01435
    -3.19827 2.59783
    -3.18827 2.64233
    -3.17827 2.11380
    -3.16827 1.17256
    -3.15827 1.58886
    -3.14827 1.87406
    -3.13827 1.07842
    -3.12827 0.84227
    -3.11827 1.08321
    -3.10827 1.46784
    -3.09827 1.46394
    -3.08827 0.83992
    -3.07827 0.82495
    -3.06827 1.20788
    -3.05827 1.14785
    -3.04827 0.78278
    -3.03827 0.87426
    -3.02827 0.82657
    -3.01827 0.78952
    -3.00827 1.13348
    -2.99827 1.26212
    -2.98827 0.61392
    -2.97827 0.38622
    -2.96827 0.37766
    -2.95827 0.44767
    -2.94827 0.94124
    -2.93827 1.05652
    -2.92827 0.63203
    -2.91827 0.49961
    -2.90827 0.36496
    -2.89827 0.07578
    -2.88827 0.00268
    -2.87827 0.00114
    -2.86827 0.06504
    -2.85827 0.53269
    -2.84827 0.67111
    -2.83827 0.49201
    -2.82827 0.71836
    -2.81827 0.32522
    -2.80827 0.36750
    -2.79827 0.67290
    -2.78827 1.62555
    -2.77827 1.72125
    -2.76827 0.64693
    -2.75827 0.45086
    -2.74827 0.41020
    -2.73827 0.82472
    -2.72827 1.01736
    -2.71827 1.18999
    -2.70827 1.05441
    -2.69827 0.72756
    -2.68827 0.77964
    -2.67827 0.75242
    -2.66827 0.56077
    -2.65827 0.11855
    -2.64827 0.10302
    -2.63827 0.51317
    -2.62827 0.74324
    -2.61827 0.85728
    -2.60827 0.66394
    -2.59827 0.11518
    -2.58827 0.00316
    -2.57827 0.00042
    -2.56827 0.02014
    -2.55827 0.14336
    -2.54827 0.32228
    -2.53827 1.12978
    -2.52827 1.25017
    -2.51827 0.26474
    -2.50827 0.16764
    -2.49827 0.34672
    -2.48827 0.73096
    -2.47827 1.38153
    -2.46827 1.21335
    -2.45827 0.29808
    -2.44827 0.26249
    -2.43827 0.45538
    -2.42827 0.30544
    -2.41827 0.49551
    -2.40827 0.95041
    -2.39827 1.03398
    -2.38827 0.45817
    -2.37827 0.18675
    -2.36827 0.44601
    -2.35827 0.35530
    -2.34827 0.45947
    -2.33827 0.99847
    -2.32827 0.87380
    -2.31827 0.56017
    -2.30827 0.22602
    -2.29827 0.27884
    -2.28827 0.80952
    -2.27827 0.60785
    -2.26827 0.43941
    -2.25827 0.40557
    -2.24827 0.53842
    -2.23827 0.61825
    -2.22827 0.76821
    -2.21827 0.99538
    -2.20827 1.15812
    -2.19827 1.11843
    -2.18827 1.37090
    -2.17827 1.71048
    -2.16827 1.77989
    -2.15827 1.17783
    -2.14827 0.79369
    -2.13827 1.09653
    -2.12827 1.67050
    -2.11827 1.75375
    -2.10827 1.66260
    -2.09827 1.73016
    -2.08827 1.18612
    -2.07827 1.46238
    -2.06827 1.70265
    -2.05827 1.11765
    -2.04827 1.62996
    -2.03827 2.50981
    -2.02827 3.33353
    -2.01827 3.72274
    -2.00827 3.20513
    -1.99827 3.36135
    -1.98827 2.22561
    -1.97827 1.70704
    -1.96827 1.72876
    -1.95827 2.22080
    -1.94827 2.68031
    -1.93827 1.65493
    -1.92827 1.51421
    -1.91827 1.77438
    -1.90827 2.59589
    -1.89827 2.98288
    -1.88827 3.00321
    -1.87827 2.32336
    -1.86827 2.24851
    -1.85827 1.81895
    -1.84827 1.19200
    -1.83827 0.44171
    -1.82827 0.72309
    -1.81827 1.47794
    -1.80827 2.21940
    -1.79827 2.02535
    -1.78827 1.15143
    -1.77827 1.10808
    -1.76827 1.20702
    -1.75827 0.82832
    -1.74827 0.33274
    -1.73827 1.01299
    -1.72827 1.90632
    -1.71827 2.05892
    -1.70827 1.97697
    -1.69827 1.64813
    -1.68827 1.85433
    -1.67827 1.61005
    -1.66827 1.50665
    -1.65827 2.07089
    -1.64827 1.43065
    -1.63827 1.03442
    -1.62827 1.17909
    -1.61827 1.35009
    -1.60827 0.82862
    -1.59827 0.21832
    -1.58827 0.39654
    -1.57827 0.91916
    -1.56827 0.79615
    -1.55827 1.72143
    -1.54827 2.04310
    -1.53827 1.44395
    -1.52827 0.65783
    -1.51827 0.23889
    -1.50827 0.48934
    -1.49827 1.31047
    -1.48827 1.34123
    -1.47827 1.21426
    -1.46827 1.89986
    -1.45827 1.91007
    -1.44827 0.92118
    -1.43827 1.11953
    -1.42827 1.45036
    -1.41827 1.73311
    -1.40827 1.86341
    -1.39827 0.98311
    -1.38827 0.84668
    -1.37827 1.28052
    -1.36827 0.52279
    -1.35827 0.22796
    -1.34827 0.55925
    -1.33827 0.37682
    -1.32827 0.29728
    -1.31827 0.67665
    -1.30827 1.84349
    -1.29827 1.58079
    -1.28827 1.06539
    -1.27827 0.76165
    -1.26827 1.15602
    -1.25827 1.41340
    -1.24827 1.33661
    -1.23827 1.61995
    -1.22827 1.74228
    -1.21827 1.38012
    -1.20827 1.37405
    -1.19827 1.65587
    -1.18827 1.91308
    -1.17827 1.64009
    -1.16827 1.68417
    -1.15827 1.54053
    -1.14827 1.33787
    -1.13827 1.28605
    -1.12827 1.12714
    -1.11827 1.61679
    -1.10827 1.90477
    -1.09827 1.51745
    -1.08827 1.74333
    -1.07827 1.55632
    -1.06827 1.02537
    -1.05827 1.26232
    -1.04827 1.87819
    -1.03827 1.54293
    -1.02827 1.42048
    -1.01827 0.75340
    -1.00827 0.79409
    -0.99827 0.62628
    -0.98827 0.39632
    -0.97827 0.23293
    -0.96827 0.22000
    -0.95827 0.42142
    -0.94827 0.63231
    -0.93827 0.57233
    -0.92827 1.03717
    -0.91827 1.08418
    -0.90827 0.63579
    -0.89827 0.64699
    -0.88827 0.52540
    -0.87827 0.61919
    -0.86827 0.36834
    -0.85827 0.24530
    -0.84827 0.87496
    -0.83827 1.47561
    -0.82827 1.14089
    -0.81827 0.52410
    -0.80827 0.37563
    -0.79827 0.59399
    -0.78827 0.44043
    -0.77827 0.30264
    -0.76827 0.75179
    -0.75827 0.96255
    -0.74827 0.92346
    -0.73827 0.95997
    -0.72827 0.64134
    -0.71827 0.57916
    -0.70827 0.54351
    -0.69827 0.40532
    -0.68827 0.57370
    -0.67827 1.06639
    -0.66827 0.94346
    -0.65827 0.72750
    -0.64827 0.31966
    -0.63827 0.32661
    -0.62827 0.25194
    -0.61827 0.26514
    -0.60827 0.67062
    -0.59827 0.75856
    -0.58827 0.67570
    -0.57827 0.72205
    -0.56827 0.75926
    -0.55827 0.32631
    -0.54827 0.19092
    -0.53827 0.47888
    -0.52827 0.58908
    -0.51827 0.77827
    -0.50827 0.68332
    -0.49827 0.55555
    -0.48827 0.44860
    -0.47827 0.60629
    -0.46827 0.54924
    -0.45827 0.25274
    -0.44827 0.03467
    -0.43827 0.19204
    -0.42827 0.59974
    -0.41827 0.56715
    -0.40827 0.60250
    -0.39827 0.64373
    -0.38827 0.44288
    -0.37827 0.36001
    -0.36827 0.24653
    -0.35827 0.28736
    -0.34827 0.47338
    -0.33827 0.43260
    -0.32827 0.44591
    -0.31827 0.36421
    -0.30827 0.31840
    -0.29827 0.45089
    -0.28827 0.38228
    -0.27827 0.22577
    -0.26827 0.60348
    -0.25827 0.54716
    -0.24827 0.26786
    -0.23827 0.35082
    -0.22827 0.27202
    -0.21827 0.16287
    -0.20827 0.11461
    -0.19827 0.14402
    -0.18827 0.09834
    -0.17827 0.11826
    -0.16827 0.11051
    -0.15827 0.06376
    -0.14827 0.07879
    -0.13827 0.09116
    -0.12827 0.01519
    -0.11827 0.00035
    -0.10827 0.00046
    -0.09827 0.01263
    -0.08827 0.04807
    -0.07827 0.03868
    -0.06827 0.05055
    -0.05827 0.02229
    -0.04827 0.00258
    -0.03827 0.02903
    -0.02827 0.09448
    -0.01827 0.04164
    -0.00827 0.00248
    0.00173 0.00002
    0.01173 0.00000
    0.02173 0.00000
    0.03173 0.00000
    0.04173 0.00000
    0.05173 0.00000
    0.06173 0.00000
    0.07173 0.00000
    0.08173 0.00000
    0.09173 0.00000
    0.10173 0.00000
    0.11173 0.00000
    0.12173 0.00000
    0.13173 0.00000
    0.14173 0.00000
    0.15173 0.00000
    0.16173 0.00000
    0.17173 0.00000
    0.18173 0.00000
    0.19173 0.00000
    0.20173 0.00000
    0.21173 0.00000
    0.22173 0.00000
    0.23173 0.00000
    0.24173 0.00000
    0.25173 0.00000
    0.26173 0.00000
    0.27173 0.00000
    0.28173 0.00000
    0.29173 0.00000
    0.30173 0.00000
    0.31173 0.00000
    0.32173 0.00000
    0.33173 0.00000
    0.34173 0.00000
    0.35173 0.00000
    0.36173 0.00000
    0.37173 0.00000
    0.38173 0.00000
    0.39173 0.00000
    0.40173 0.00000
    0.41173 0.00000
    0.42173 0.00000
    0.43173 0.00000
    0.44173 0.00000
    0.45173 0.00000
    0.46173 0.00000
    0.47173 0.00000
    0.48173 0.00000
    0.49173 0.00000
    0.50173 0.00000
    0.51173 0.00000
    0.52173 0.00000
    0.53173 0.00000
    0.54173 0.00000
    0.55173 0.00000
    0.56173 0.00000
    0.57173 0.00000
    0.58173 0.00000
    0.59173 0.00000
    0.60173 0.00000
    0.61173 0.00000
    0.62173 0.00000
    0.63173 0.00000
    0.64173 0.00000
    0.65173 0.00000
    0.66173 0.00000
    0.67173 0.00000
    0.68173 0.00000
    0.69173 0.00000
    0.70173 0.00000
    0.71173 0.00000
    0.72173 0.00000
    0.73173 0.00000
    0.74173 0.00000
    0.75173 0.00000
    0.76173 0.00000
    0.77173 0.00000
    0.78173 0.00000
    0.79173 0.00000
    0.80173 0.00000
    0.81173 0.00000
    0.82173 0.00000
    0.83173 0.00000
    0.84173 0.00000
    0.85173 0.00000
    0.86173 0.00000
    0.87173 0.00000
    0.88173 0.00000
    0.89173 0.00000
    0.90173 0.00000
    0.91173 0.00000
    0.92173 0.00000
    0.93173 0.00000
    0.94173 0.00000
    0.95173 0.00000
    0.96173 0.00000
    0.97173 0.00000
    0.98173 0.00000
    0.99173 0.00000
    1.00173 0.00000
    1.01173 0.00000
    1.02173 0.00000
    1.03173 0.00000
    1.04173 0.00000
    1.05173 0.00000
    1.06173 0.00000
    1.07173 0.00000
    1.08173 0.00000
    1.09173 0.00000
    1.10173 0.00000
    1.11173 0.00000
    1.12173 0.00000
    1.13173 0.00000
    1.14173 0.00000
    1.15173 0.00000
    1.16173 0.00000
    1.17173 0.00000
    1.18173 0.00000
    1.19173 0.00000
    1.20173 0.00000
    1.21173 0.00000
    1.22173 0.00000
    1.23173 0.00000
    1.24173 0.00000
    1.25173 0.00000
    1.26173 0.00000
    1.27173 0.00000
    1.28173 0.00000
    1.29173 0.00000
    1.30173 0.00000
    1.31173 0.00000
    1.32173 0.00000
    1.33173 0.00000
    1.34173 0.00000
    1.35173 0.00000
    1.36173 0.00000
    1.37173 0.00000
    1.38173 0.00000
    1.39173 0.00000
    1.40173 0.00000
    1.41173 0.00000
    1.42173 0.00000
    1.43173 0.00000
    1.44173 0.00000
    1.45173 0.00000
    1.46173 0.00000
    1.47173 0.00000
    1.48173 0.00000
    1.49173 0.00000
    1.50173 0.00000
    1.51173 0.00000
    1.52173 0.00000
    1.53173 0.00000
    1.54173 0.00000
    1.55173 0.00000
    1.56173 0.00000
    1.57173 0.00000
    1.58173 0.00000
    1.59173 0.00000
    1.60173 0.00000
    1.61173 0.00000
    1.62173 0.00000
    1.63173 0.00000
    1.64173 0.00000
    1.65173 0.00000
    1.66173 0.00000
    1.67173 0.00000
    1.68173 0.00000
    1.69173 0.00000
    1.70173 0.00000
    1.71173 0.00000
    1.72173 0.00001
    1.73173 0.00267
    1.74173 0.07577
    1.75173 0.36070
    1.76173 0.36457
    1.77173 0.19711
    1.78173 0.59760
    1.79173 0.55252
    1.80173 0.24943
    1.81173 0.60484
    1.82173 0.81095
    1.83173 0.51504
    1.84173 0.93756
    1.85173 0.88540
    1.86173 0.48044
    1.87173 0.76382
    1.88173 0.79008
    1.89173 0.58677
    1.90173 0.79005
    1.91173 0.68131
    1.92173 0.80027
    1.93173 1.21180
    1.94173 1.56172
    1.95173 1.28963
    1.96173 0.88759
    1.97173 1.16063
    1.98173 1.19424
    1.99173 0.91553
    2.00173 1.11558
    2.01173 0.97826
    2.02173 1.21141
    2.03173 1.54841
    2.04173 1.37748
    2.05173 0.95652
    2.06173 0.95920
    2.07173 0.98603
    2.08173 0.72775
    2.09173 0.89701
    2.10173 1.32886
    2.11173 1.59499
    2.12173 1.74316
    2.13173 1.45627
    2.14173 1.38435
    2.15173 1.09144
    2.16173 1.07644
    2.17173 0.79069
    2.18173 0.57496
    2.19173 0.40969
    2.20173 0.57951
    2.21173 0.83500
    2.22173 1.23332
    2.23173 1.03914
    2.24173 0.47845
    2.25173 0.32181
    2.26173 0.60786
    2.27173 0.90082
    2.28173 0.99234
    2.29173 0.95119
    2.30173 0.86045
    2.31173 0.85821
    2.32173 0.75814
    2.33173 0.68923
    2.34173 0.61960
    2.35173 0.58075
    2.36173 0.71943
    2.37173 1.41783
    2.38173 1.65479
    2.39173 1.90345
    2.40173 1.70911
    2.41173 1.55206
    2.42173 1.94851
    2.43173 1.40870
    2.44173 0.93625
    2.45173 0.54839
    2.46173 0.67337
    2.47173 1.24350
    2.48173 1.50309
    2.49173 1.77522
    2.50173 1.63857
    2.51173 1.38888
    2.52173 1.60194
    2.53173 1.51953
    2.54173 1.44905
    2.55173 1.46087
    2.56173 1.63706
    2.57173 1.06953
    2.58173 0.95270
    2.59173 1.24266
    2.60173 1.22181
    2.61173 1.61329
    2.62173 1.43420
    2.63173 1.00176
    2.64173 0.95911
    2.65173 1.09779
    2.66173 1.11425
    2.67173 1.35375
    2.68173 0.95576
    2.69173 0.39221
    2.70173 0.75686
    2.71173 1.57236
    2.72173 1.75248
    2.73173 1.97414
    2.74173 1.16147
    2.75173 0.52054
    2.76173 0.50483
    2.77173 0.49485
    2.78173 0.66888
    2.79173 1.04855
    2.80173 0.86456
    2.81173 0.54249
    2.82173 0.73750
    2.83173 1.11126
    2.84173 0.93039
    2.85173 0.92837
    2.86173 1.40081
    2.87173 2.15369
    2.88173 1.84203
    2.89173 1.10757
    2.90173 0.66297
    2.91173 1.01677
    2.92173 1.79890
    2.93173 3.40642
    2.94173 2.69370
    2.95173 1.29192
    2.96173 0.93440
    2.97173 1.53389
    2.98173 1.04039
    2.99173 0.50676
    3.00173 0.56661
    3.01173 0.69578
    3.02173 0.97427
    3.03173 1.42959
    3.04173 0.69041
    3.05173 0.61222
    3.06173 0.83920
    3.07173 0.76683
    3.08173 1.06886
    3.09173 0.66884
    3.10173 0.13373
    3.11173 0.22086
    3.12173 0.59729
    3.13173 0.98836
    3.14173 1.08300
    3.15173 0.97086
    3.16173 0.83842
    3.17173 0.81974
    3.18173 1.16215
    3.19173 0.90544
    3.20173 1.07169
    3.21173 0.92616
    3.22173 0.85619
    3.23173 0.69709
    3.24173 0.57569
    3.25173 0.56758
    3.26173 0.44375
    3.27173 0.37850
    3.28173 0.54849
    3.29173 0.59784
    3.30173 0.82007
    3.31173 0.66738
    3.32173 0.43618
    3.33173 0.36688
    3.34173 0.36727
    3.35173 0.64095
    3.36173 0.56700
    3.37173 0.21604
    3.38173 0.18595
    3.39173 0.79474
    3.40173 1.02775
    3.41173 0.47746
    3.42173 0.54967
    3.43173 0.45844
    3.44173 0.28269
    3.45173 0.38224
    3.46173 0.86467
    3.47173 1.43042
    3.48173 0.77561
    3.49173 0.67127
    3.50173 0.83510
    3.51173 1.01566
    3.52173 0.81797
    3.53173 0.68500
    3.54173 0.52982
    3.55173 0.32267
    3.56173 0.17206
    3.57173 0.44070
    3.58173 0.33488
    3.59173 0.30151
    3.60173 0.23669
    3.61173 0.59561
    3.62173 0.59738
    3.63173 0.25109
    3.64173 0.36530
    3.65173 0.26963
    3.66173 0.08475
    3.67173 0.28215
    3.68173 0.69496
    3.69173 0.65118
    3.70173 0.26408
    3.71173 0.68732
    3.72173 1.00342
    3.73173 0.77114
    3.74173 0.68265
    3.75173 0.82052
    3.76173 0.76354
    3.77173 1.06080
    3.78173 0.92565
    3.79173 0.74396
    3.80173 0.51000
    3.81173 0.29805
    3.82173 0.26863
    3.83173 0.30808
    3.84173 0.40966
    3.85173 0.58210
    3.86173 0.77083
    3.87173 0.44120
    3.88173 0.29777
    3.89173 0.51211
    3.90173 0.35385
    3.91173 0.09758
    3.92173 0.13909
    3.93173 0.14255
    3.94173 0.48361
    3.95173 0.45059
    3.96173 0.49161
    3.97173 0.72417
    3.98173 0.67077
    3.99173 0.43849
    4.00173 0.52131
    4.01173 0.62966
    4.02173 0.80299
    4.03173 0.79241
    4.04173 0.60219
    4.05173 0.60975
    4.06173 0.36350
    4.07173 0.15816
    4.08173 0.50226
    4.09173 1.09466
    4.10173 1.13947
    4.11173 1.10978
    4.12173 1.07442
    4.13173 1.04417
    4.14173 1.22470
    4.15173 1.59224
    4.16173 1.59857
    4.17173 1.34716
    4.18173 1.27398
    4.19173 1.64786
    4.20173 2.61550
    4.21173 2.18444
    4.22173 1.30143
    4.23173 0.87322
    4.24173 0.91330
    4.25173 0.89275
    4.26173 0.85126
    4.27173 0.69466
    4.28173 0.55223
    4.29173 0.57963
    4.30173 0.75264
    4.31173 1.00931
    4.32173 0.96373
    4.33173 0.62711
    4.34173 0.23824
    4.35173 0.20687
    4.36173 0.52759
    4.37173 0.50627
    4.38173 0.47565
    4.39173 0.65354
    4.40173 0.38933
    4.41173 0.24664
    4.42173 0.57195
    4.43173 0.51973
    4.44173 0.33223
    4.45173 0.23265
    4.46173 0.24196
    4.47173 0.16862
    4.48173 0.35982
    4.49173 0.87815
    4.50173 0.87605
    4.51173 0.36399
    4.52173 0.32412
    4.53173 0.28147
    4.54173 0.22536
    4.55173 0.34972
    4.56173 0.44057
    4.57173 0.41440
    4.58173 0.25562
    4.59173 0.07196
    4.60173 0.09924
    4.61173 0.15250
    4.62173 0.39788
    4.63173 0.38839
    4.64173 0.21353
    4.65173 0.03653
    4.66173 0.00879
    4.67173 0.12951
    4.68173 0.37881
    4.69173 0.32136
    4.70173 0.24006
    4.71173 0.21727
    4.72173 0.16098
    4.73173 0.21852
    4.74173 0.33540
    4.75173 0.17702
    4.76173 0.19821
    4.77173 0.10686
    4.78173 0.05825
    4.79173 0.19164
    4.80173 0.13657
    4.81173 0.24823
    4.82173 0.26475
    4.83173 0.15147
    4.84173 0.19880
    4.85173 0.18129
    4.86173 0.19884
    4.87173 0.07863
    4.88173 0.00475
    4.89173 0.01473
    4.90173 0.11002
    4.91173 0.15865
    4.92173 0.04715
    4.93173 0.00638
    4.94173 0.07351
    4.95173 0.18484
    4.96173 0.06293
    4.97173 0.00290
    4.98173 0.00002
    4.99173 0.00000
    5.00173 0.00000
    5.01173 0.00000
    5.02173 0.00000
    5.03173 0.00000
    5.04173 0.00000
    5.05173 0.00000
    5.06173 0.00000
    5.07173 0.00000
    5.08173 0.00000
    5.09173 0.00000
    5.10173 0.00000
    5.11173 0.00000
    5.12173 0.00000
    5.13173 0.00000
    5.14173 0.00000
    5.15173 0.00000
    5.16173 0.00000
    5.17173 0.00000
    5.18173 0.00000
    5.19173 0.00000
    5.20173 0.00000
    5.21173 0.00000
    5.22173 0.00000
    5.23173 0.00000
    5.24173 0.00000
    5.25173 0.00000
    5.26173 0.00000
    5.27173 0.00000
    5.28173 0.00000
    5.29173 0.00000
    5.30173 0.00000
    5.31173 0.00000
    5.32173 0.00000
    5.33173 0.00000
    5.34173 0.00000
    5.35173 0.00000
    5.36173 0.00000
    5.37173 0.00000
    5.38173 0.00000
    5.39173 0.00000
    5.40173 0.00000
    5.41173 0.00000
    5.42173 0.00000
    5.43173 0.00000
    5.44173 0.00000
    5.45173 0.00000
    5.46173 0.00000
    5.47173 0.00000
    5.48173 0.00000
    5.49173 0.00000
    5.50173 0.00000
    5.51173 0.00000
    5.52173 0.00000
    5.53173 0.00000
    5.54173 0.00000
    5.55173 0.00000
    5.56173 0.00000
    5.57173 0.00000
    5.58173 0.00000
    5.59173 0.00000
    5.60173 0.00000
    5.61173 0.00000
    5.62173 0.00000
    5.63173 0.00000
    5.64173 0.00000
    5.65173 0.00000
    5.66173 0.00000
    5.67173 0.00000
    5.68173 0.00000
    5.69173 0.00000
    5.70173 0.00000
    5.71173 0.00000
    5.72173 0.00000
    5.73173 0.00000
    5.74173 0.00000
    5.75173 0.00000
    5.76173 0.00000
    5.77173 0.00000
    5.78173 0.00000
    5.79173 0.00000
    5.80173 0.00000
    5.81173 0.00000
    5.82173 0.00000
    5.83173 0.00000
    5.84173 0.00000
    5.85173 0.00000
    5.86173 0.00000
    5.87173 0.00000
    5.88173 0.00000
    5.89173 0.00000
    5.90173 0.00000
    5.91173 0.00000
    5.92173 0.00000
    5.93173 0.00000
    5.94173 0.00000
    5.95173 0.00000
    5.96173 0.00000
    5.97173 0.00000
    5.98173 0.00000
    5.99173 0.00000
    6.00173 0.00000
    6.01173 0.00000
    6.02173 0.00000
    6.03173 0.00000
    6.04173 0.00000
    6.05173 0.00000
    6.06173 0.00000
    6.07173 0.00000
    6.08173 0.00000
    6.09173 0.00000
    6.10173 0.00000
    6.11173 0.00000
    6.12173 0.00075
    6.13173 0.03580
    6.14173 0.26842
    6.15173 0.34780
    6.16173 0.16444
    6.17173 0.21599
    6.18173 0.23733
    6.19173 0.15547
    6.20173 0.01876
    6.21173 0.00034
    6.22173 0.00340
    6.23173 0.07176
    6.24173 0.21034
    6.25173 0.16787
    6.26173 0.22076
    6.27173 0.20475
    6.28173 0.30224
    6.29173 0.22413
    6.30173 0.04251
    6.31173 0.00125
    6.32173 0.00001
    6.33173 0.00000
    6.34173 0.00000
    6.35173 0.00035
    6.36173 0.02579
    6.37173 0.27537
    6.38173 0.55758
    6.39173 0.45557
    6.40173 0.14665
    6.41173 0.15293
    6.42173 0.23945
    6.43173 0.38306
    6.44173 0.48780
    6.45173 0.16941
    6.46173 0.01118
    6.47173 0.00012
    6.48173 0.00000
    6.49173 0.00002
    6.50173 0.00270
    6.51173 0.05198
    6.52173 0.24569
    6.53173 0.52078
    6.54173 0.46674
    6.55173 0.15141
    6.56173 0.04130
    6.57173 0.17827
    6.58173 0.13951
    6.59173 0.01483
    6.60173 0.00381
    6.61173 0.07352
    6.62173 0.20564
    6.63173 0.13124
    6.64173 0.34291
    6.65173 0.29484
    6.66173 0.04404
    6.67173 0.15357
    6.68173 0.40065
    6.69173 0.15050
    6.70173 0.00802
    6.71173 0.00006
    6.72173 0.00000
    6.73173 0.00001
    6.74173 0.00320
    6.75173 0.09693
    6.76173 0.43189
    6.77173 0.44569
    6.78173 0.34010
    6.79173 0.25972
    6.80173 0.28617
    6.81173 0.24538
    6.82173 0.12842
    6.83173 0.25048
    6.84173 0.28548
    6.85173 0.27811
    6.86173 0.52603
    6.87173 0.49820
    6.88173 0.23969
    6.89173 0.03095
    6.90173 0.05687
    6.91173 0.19339
    6.92173 0.09385
    6.93173 0.00673
    6.94173 0.02110
    6.95173 0.20149
    6.96173 0.31897
    6.97173 0.36724
    6.98173 0.30107
    6.99173 0.06978
    7.00173 0.18058
    7.01173 0.29001
    7.02173 0.19314
    7.03173 0.04293
    7.04173 0.13182
    7.05173 0.21875
    7.06173 0.13622
    7.07173 0.09981
    7.08173 0.12275
    7.09173 0.36475
    7.10173 0.54795
    7.11173 0.15465
    7.12173 0.06321
    7.13173 0.20358
    7.14173 0.12985
    7.15173 0.21110
    7.16173 0.39706
    7.17173 0.38736
    7.18173 0.30259
    7.19173 0.19995
    7.20173 0.17782
    7.21173 0.48523
    7.22173 0.55390
    7.23173 0.34402
    7.24173 0.18184
    7.25173 0.33988
    7.26173 0.45451
    7.27173 0.16069
    7.28173 0.01647
    7.29173 0.10776
    7.30173 0.19879
    7.31173 0.05017
    7.32173 0.00814
    7.33173 0.09802
    7.34173 0.20634
    7.35173 0.16271
    7.36173 0.57238
    7.37173 0.57777
    7.38173 0.23228
    7.39173 0.19928
    7.40173 0.15207
    7.41173 0.01774
    7.42173 0.00491
    7.43173 0.07590
    7.44173 0.19548
    7.45173 0.08577
    7.46173 0.08881
    7.47173 0.20924
    7.48173 0.08482
    7.49173 0.13789
    7.50173 0.18354
    7.51173 0.03440
    7.52173 0.00128
    7.53173 0.01676
    7.54173 0.09521
    7.55173 0.07323
    7.56173 0.01022
    7.57173 0.06315
    7.58173 0.22382
    7.59173 0.18964
    7.60173 0.13757
    7.61173 0.40987
    7.62173 0.49223
    7.63173 0.20586
    7.64173 0.20541
